-16.05649 -29.14722
-18.33653 -22.14003
-16.83953 -29.14372
-15.86876 -26.22033
-14.88930 -28.37211
-15.48402 -25.96354
-18.53887 -27.21567
-15.56359 -34.40321
-21.59093 -30.19745
-14.03492 -29.57507
-14.28081 -26.37551
-11.94333 -32.11298
-16.97651 -27.28399
-17.91582 -30.50541
-17.21366 -28.51741
-17.26413 -27.97088
-17.91835 -33.77375
-16.97225 -30.22867
-13.81956 -33.31146
-18.97512 -30.07194
-16.90528 -28.59597
-16.59531 -30.43473
-16.21960 -29.64650
-16.74532 -27.14232
-16.06978 -26.11277
-16.38991 -29.40532
-15.01903 -29.41226
-16.84084 -31.21612
-17.83284 -31.50489
-15.48631 -30.88648
-14.85669 -28.53763
-15.10724 -35.16329
-15.14293 -30.04241
-16.41847 -31.69631
-17.61778 -27.24504
-19.89885 -28.47503
-17.39780 -33.58178
-15.12640 -30.35863
-17.76947 -30.58811
-16.49115 -27.98502
-13.00582 -26.41640
-15.50544 -29.08354
-15.23185 -29.77742
-16.90810 -32.41352
-17.27767 -28.65684
-17.41604 -27.58595
-15.33114 -26.79349
-18.56838 -28.76255
-17.66781 -28.20303
-16.13564 -32.80696
-19.16302 -28.29726
-14.22121 -30.63568
-15.82733 -27.50812
-19.53238 -26.39670
-17.25920 -29.25443
-16.91655 -26.52340
-18.21952 -23.72481
-16.52434 -22.86150
-16.57689 -26.23420
-16.46397 -22.17054
-15.80772 -27.18009
-18.84377 -23.18720
-15.22685 -27.26701
-17.56058 -27.99841
-20.02606 -22.85722
-18.30405 -27.34586
-17.55626 -20.21521
-17.76424 -24.49748
-18.38755 -21.20337
-18.42427 -27.59878
-22.20105 -21.92100
-18.77839 -30.62630
-17.31658 -27.26323
-13.33263 -25.18935
-16.58974 -32.81224
-14.11270 -30.22365
-18.86449 -30.95427
-14.30068 -27.10864
-16.05688 -26.97293
-17.40780 -28.20412
-17.08502 -30.53928
-13.25667 -31.54261
-17.19032 -29.69611
-17.26887 -31.28409
-17.59826 -28.22731
-13.32782 -30.73594
-18.47551 -25.04985
-16.29909 -27.93765
-14.25418 -27.96409
-13.75794 -29.83499
-16.98623 -30.64010
-14.44985 -26.37292
-14.56580 -29.27068
-20.20632 -27.50562
-16.01332 -31.30448
-15.72869 -29.38545
-19.99326 -30.27629
-15.90945 -28.16127
-18.09663 -30.10849
-16.02542 -27.51508
-17.96990 -29.91651
-14.89751 -27.24859
-16.74285 -30.07874
-16.17660 -21.06851
-20.37688 -21.76940
-19.40309 -25.61825
-18.64208 -25.00931
-15.15200 -21.92385
-17.29203 -24.73913
-17.18984 -26.79711
-20.84481 -24.11577
-17.87767 -21.66478
-19.06517 -24.09512
-18.14719 -25.11185
-20.67623 -22.70663
-19.27060 -24.10945
-16.81223 -23.80526
-16.34926 -27.25827
-19.18771 -25.97984
-15.00156 -25.13544
-19.64814 -22.08633
-19.53330 -25.73472
-18.35420 -25.26815
-17.69383 -25.43405
-16.29639 -22.32671
-21.10745 -27.70487
-18.72593 -29.90957
-21.32075 -22.12609
-17.34389 -24.30350
-16.82467 -19.93167
-16.40052 -27.94918
-17.88172 -27.98414
-17.12354 -29.61553
-15.24451 -25.51486
-17.54018 -24.06643
-15.26019 -26.90169
-20.89372 -23.13108
-19.60380 -24.06509
-17.71654 -26.05074
-18.68116 -23.30756
-21.17590 -27.92248
-18.02170 -24.06722
-19.73538 -22.70138
-18.91405 -22.24627
-19.95246 -22.48865
-18.20304 -26.81493
-17.36885 -25.49669
-16.69496 -26.80421
-20.34401 -20.44382
-17.36225 -23.88255
-15.62139 -27.29303
-20.21508 -24.43349
-19.68569 -24.53440
-17.74765 -23.80308
-18.70897 -24.19154
-16.15860 -27.26085
-16.13654 -22.60648
-18.92501 -27.09010
-16.36094 -28.28379
-17.88522 -23.83650
-15.94977 -25.23407
-20.41968 -21.32794
-16.71220 -27.81734
-21.01702 -17.40048
-18.85415 -23.23347
-18.60863 -22.72469
-21.34056 -25.05950
-20.49263 -23.59522
-20.16370 -22.26219
-19.02681 -20.12802
-15.82556 -27.04773
-17.74453 -27.04669
-20.05216 -29.98282
-17.99865 -22.67603
-19.62511 -23.72624
-18.37654 -20.97483
-19.64714 -28.48429
-17.23002 -24.31776
-17.22987 -27.79677
-15.94494 -26.07479
-18.50291 -23.57723
-17.85674 -26.35472
-18.04718 -24.75133
-18.89225 -26.12387
-17.84310 -24.97095
-26.29976 33.74868
-27.70445 34.70882
-23.66964 35.25593
-24.75392 33.47455
-25.99358 35.19203
-24.11269 33.36833
-27.78340 36.11436
-26.86943 33.63312
-24.47126 33.20878
-28.16246 32.13315
-27.56008 32.32819
-24.84376 33.76479
-24.40965 30.93002
-23.96922 31.76482
-27.03765 30.41095
-27.03125 32.63023
-28.81969 36.26989
-23.97800 34.09147
-24.60430 34.59913
-25.68004 32.52499
-26.57396 36.34130
-24.04508 36.81234
-24.71489 31.54953
-25.54438 33.70984
-29.52321 31.81471
-25.45211 36.39913
-24.79069 33.20340
-26.55183 34.68649
-26.57811 32.51731
-27.15484 31.78001
-27.50591 35.79326
-22.45219 32.01990
-27.26220 36.45916
-23.65259 31.85918
-26.90897 33.32458
-26.00516 36.42536
-27.23109 34.78365
-27.49048 32.70547
-25.42010 34.80497
-23.63960 32.83088
-27.99601 31.79969
-25.04809 33.80936
-9.57604 -13.07110
11.87018 -12.69607
-11.09229 -24.62422
-24.53913 33.41082
-25.81051 36.59945
-25.63037 34.34440
-26.13248 34.34474
-29.48395 34.24188
-23.57269 32.54252
-27.30540 33.37005
-24.85493 36.27924
-26.24129 37.05579
-24.67914 37.08315
-26.75651 31.03714
-26.93163 28.79823
-25.73197 32.28285
-28.13925 34.99718
-24.37408 32.77310
-27.83607 32.80191
-23.19242 33.46720
-25.72770 30.32997
-24.30441 34.95546
-25.93889 33.73927
-28.40673 35.33168
-25.91421 33.42417
-23.88193 35.82536
-24.01433 32.67870
-27.85737 34.64894
-24.66619 33.62760
-28.79722 35.05608
-26.19857 32.75432
-24.30764 35.27522
-27.87121 34.32187
-27.74902 33.49912
-25.93975 33.95283
-27.71835 33.29452
-28.65727 31.57985
-26.65816 34.99420
-15.70308 -24.45256
-6.61674 -18.94622
-19.63714 -14.88549
-13.09209 -22.35507
-27.14617 29.31847
-25.73561 36.81728
-22.70836 36.23224
-26.15965 33.75447
-25.58316 32.49053
-23.97101 32.51510
-26.70692 33.60866
-25.77365 32.54519
-24.83278 33.35590
-26.93006 32.25351
-25.89764 32.54643
-25.84396 33.00874
-26.96470 35.58962
-24.69205 35.96247
-24.02309 32.45650
-27.52063 32.77746
-25.26490 35.32677
-26.83098 34.24913
-25.97418 30.42025
-27.91132 35.29899
-27.17070 33.26404
-27.13156 29.67294
-25.00197 35.22859
-29.08569 37.89719
-24.03580 33.78120
-23.23128 37.33357
-25.15203 33.12154
-28.22788 33.18725
-13.25403 -27.92751
-15.64008 -14.89119
-11.11618 -23.66140
-16.19606 -27.22806
-9.27205 -20.10397
-12.20930 -26.65054
-15.79256 -18.90612
-13.89320 -27.58583
-15.24713 -10.65662
-26.38831 34.50383
-22.86153 32.40026
-25.45286 31.03526
-22.99640 34.68596
-24.40234 32.19868
-25.96503 33.75381
-28.55742 35.63033
-27.00033 33.40934
-25.83611 32.32367
-25.82650 35.30533
-22.39168 33.55872
-25.22263 31.97543
-25.30755 32.68308
-24.45378 30.33727
-27.07671 35.96064
-15.38912 -26.82121
-15.69038 -19.11030
-0.03193 -14.38069
-3.61594 -16.67738
-14.09411 -11.73875
-10.22280 -14.04147
-8.69861 -20.27409
-5.42817 -11.10824
-16.15087 -18.74471
-20.89143 -18.59342
-1.49896 -11.55780
-6.64176 -21.85699
-15.21296 -27.27686
-6.23374 -20.12678
-16.00044 -13.67263
-13.69197 -19.23448
-8.31537 -15.74228
-14.28857 -25.23877
-9.07182 -23.89229
12.40566 -4.29939
-4.29548 -20.38745
-9.85749 -22.11798
-1.07552 -18.06809
-12.39253 -22.13950
-3.23215 -21.28500
-9.37617 -16.42481
-6.79374 -21.47651
-15.43368 -21.60768
7.97926 -15.66491
-1.07082 -17.54032
-10.01289 -15.61994
-12.53630 -17.38591
-16.23398 -15.05800
-12.76815 -12.31726
-4.49000 -21.06321
-8.69860 -22.60005
-6.17488 -19.15833
19.33486 -11.53658
30.71728 5.41070
-6.07666 -21.93734
-17.16976 -13.69588
-13.97438 -31.17057
-13.90972 -19.74999
-19.16440 -25.91614
-16.05700 -18.70508
-15.69245 -15.87237
-10.79567 -24.97066
-5.25962 5.37331
-18.11829 -11.36059
-16.40167 -15.25476
-19.38725 -11.55603
-0.99928 -12.98413
-16.21417 -16.17913
-22.25038 -1.01822
-0.74645 -6.97254
-19.83358 -15.55784
-5.78304 -12.78946
-17.54933 -2.55240
-16.02909 -7.02012
-5.56519 -12.88626
-8.34879 -21.29702
-10.49751 -20.05069
0.09998 -9.77050
-16.06132 -24.17760
-14.82640 -22.71806
0.93181 -19.41334
-9.67082 -27.75311
-14.36685 -20.19024
-16.10713 -22.70757
-16.99426 -19.68569
-18.60495 -20.06547
4.55680 -15.40760
-2.09096 -10.31038
-16.95100 -5.00351
-10.03246 -15.84300
-6.98387 -16.58850
-6.78762 -18.06985
-12.92897 -17.08742
-11.21686 -20.82629
-14.35122 -16.85872
-9.11266 -24.70413
26.44048 -4.29070
7.79666 -15.28951
-4.69449 -3.08544
-10.50648 -20.53082
-19.27379 -16.85696
-14.15850 -17.18758
-17.40609 -11.45241
-14.45226 0.15593
-18.08700 -11.88093
-22.57741 -9.63444
-16.36618 -19.65485
-16.16435 9.83928
-15.68029 -15.06612
-7.86352 -17.49747
-11.39413 -6.97056
-15.50859 -29.97294
-19.89146 0.21932
-17.28890 -12.49122
-19.60459 -9.20424
-12.67648 -29.55413
1.74315 -9.04702
-6.52029 -12.50588
-11.14030 -12.86601
-10.58719 -8.01101
2.31007 -11.26716
-17.41874 -23.69825
-11.81763 -18.26921
-15.13586 -21.77403
0.86161 -17.23556
-7.59073 -14.20941
-18.69382 -25.98467
-18.00435 -11.00253
19.47270 -3.71898
-18.80878 -7.51731
-14.87982 -8.57353
-14.33420 -8.92054
-14.90928 -8.95189
-19.55837 -21.16870
-14.82183 -17.56335
-17.00228 -25.16593
-17.82579 -16.25347
-20.31191 -11.19728
-20.53880 -12.65338
-14.68044 -23.54752
-16.87545 -13.09854
-9.98087 -11.42816
5.40987 -17.54138
-15.77777 -20.04019
-19.89306 -10.11125
-12.32273 -19.28846
-22.61762 -9.97419
-16.26624 -21.22454
-12.17286 -12.64086
-22.01290 -9.94930
-18.22739 -12.43481
-8.14612 -11.80537
-18.25557 -17.72001
-12.96042 -14.11268
-16.23239 -18.55164
-1.37594 -13.32359
-8.29263 -13.54117
-3.52215 -8.82418
-3.83529 -22.92976
-2.67227 -18.28887
-4.87665 -18.45345
-13.95013 -26.12923
-8.04379 -17.82510
-4.48268 -9.26211
-15.80845 -17.83453
-9.03807 -17.28373
-12.85328 -18.26141
-23.17768 3.36934
-15.35871 -20.02607
-14.86717 -28.83335
-2.84726 -16.27871
-17.09182 -14.24309
-19.32421 -9.95722
-19.92439 -3.45709
5.25535 -9.67896
-20.63442 -2.47484
-3.85670 -5.53491
-22.89285 -8.87296
9.79687 -1.24697
18.00572 -10.89900
-14.42153 -0.46586
-16.44120 -20.50185
-17.75879 -18.71567
-15.25769 -22.75007
-16.66136 -18.81262
22.25940 0.36624
-20.48305 4.27824
2.33650 -18.17400
-15.26245 -25.77745
-15.45649 -21.66042
-7.28723 -25.59407
-21.45379 -7.94715
-7.77204 -2.37159
-19.00481 -13.44507
-18.09353 -0.00829
-13.71173 -26.00291
-15.44397 -26.35670
-20.49832 -28.28868
-16.63188 -34.21942
-8.44693 -28.49146
-14.52387 -25.18387
-14.05176 -31.19964
-14.32081 -30.49347
-16.41685 -30.53019
-13.69723 -27.98304
-14.87524 -29.89422
-16.69780 -30.06515
-16.57454 -27.91137
-19.85253 -31.78437
-15.18391 -34.34556
-12.14781 -29.22556
-17.98866 -28.59033
-14.64560 -28.88807
-12.00678 -28.52982
-15.41134 -27.82951
-15.54163 -28.62846
-11.31283 -27.02778
-15.03619 -28.43430
-16.51535 -29.50595
-12.60475 -18.01869
-0.88016 4.46758
-0.87011 -5.51269
-18.73957 2.55128
-22.76706 5.30476
-23.64834 8.75808
-26.08376 14.31852
-4.04375 -11.07284
-24.02574 10.49962
-15.59639 -5.65402
-19.19003 -10.29110
-15.00955 -5.44761
-16.21246 -12.98803
-26.17828 35.07512
-24.63287 24.68071
-24.92347 30.35380
-25.41267 33.08097
-23.70876 30.55396
-24.01949 32.30714
-16.22793 -29.59290
-11.30176 -31.43684
-14.11068 -28.37929
-14.38347 -30.27722
-13.07200 -25.08955
-11.53801 -28.32673
-14.01888 -30.00184
-14.37544 -27.39231
-17.05851 -28.96106
-17.50852 -27.68175
-14.58414 -25.37926
-18.29964 -31.25504
-13.48833 -32.04832
-19.16285 -28.89321
-11.37853 -28.13996
-13.61324 -31.87585
-17.64956 -27.46915
-13.80888 -29.30036
-12.37242 -32.25490
-14.03038 -29.98820
-16.42672 -32.94990
-13.31585 -27.95796
-10.70299 -27.18300
-4.97440 -17.40247
-13.19770 -31.36744
-16.17374 -28.10627
-13.04268 -31.32338
-15.94617 -31.72045
-14.60779 -31.24897
-16.05449 -30.35759
-15.27025 -26.56425
-16.13118 -26.49117
-16.04671 -28.27247
-16.77502 -29.60571
-12.62908 -24.59171
-15.46053 -30.57321
-14.25860 -31.43969
-11.49597 -22.58087
-12.03395 -30.72093
-13.32982 -27.37994
-19.05947 -31.64511
-14.46674 -29.61523
-13.54046 -23.80613
-12.70002 -29.75576
-14.64133 -27.38539
-17.68630 -25.73327
-11.66151 -28.22030
-13.69598 -30.15371
-14.59102 -28.78970
-14.92168 -26.18767
-13.26427 -27.92457
-15.16519 -27.66902
-16.21220 -31.43537
-15.06202 -29.63579
-14.51724 -25.45304
-17.35345 -25.57678
-14.37790 -31.88284
-15.12962 -29.13598
-14.77306 -29.44829
-14.96992 -26.15461
-15.23878 -26.87082
-16.69807 -28.75756
-12.85009 -25.07997
-16.51689 -28.30630
-15.98772 -31.78044
-15.19053 -29.90126
-12.19785 -33.97946
-14.93995 -27.19688
-13.31962 -26.45062
-12.56197 -28.82833
-13.01516 -28.70163
-18.49538 -25.72263
-14.68883 -27.82403
-23.94578 34.99866
-26.93370 34.29292
-28.23283 35.08675
-23.57096 29.72123
-27.90368 29.99711
-24.05070 31.72534
-26.15363 33.35485
-23.50714 32.83148
-21.94483 35.07541
-25.42529 34.50976
-23.61858 32.60389
-24.47499 32.27401
-25.23010 32.75408
-25.02630 31.65262
-25.39534 31.76709
-26.59924 35.58823
-23.58950 31.25657
-23.70414 36.18486
-22.63406 35.24764
-24.65276 32.16293
-24.10779 33.37281
-27.48513 34.77115
-23.94517 36.16453
-25.10833 34.38314
-25.28984 29.18655
-25.19704 31.05300
-23.22392 30.69265
-21.33136 27.58513
-24.28545 32.85057
-22.69650 31.77535
-28.35436 32.28537
-24.21667 33.67329
-25.36400 29.73729
-24.19014 34.31795
-25.46755 37.06018
-24.87416 34.17323
-23.82469 30.98483
-24.67815 32.69791
-25.40246 31.61481
-27.64032 31.90410
-22.98530 35.21229
-21.76373 31.01645
-23.37267 31.68338
-26.36289 30.98121
-26.20169 28.95414
-26.13070 30.06493
-27.34037 33.88680
-26.16205 32.99154
-24.86252 27.27705
-24.66362 34.33869
-26.14711 33.99534
-25.39226 32.60731
-25.07969 31.27090
-26.74481 29.23325
-23.72852 31.32873
-24.69199 31.84974
41.44043 5.27503
34.29776 3.92583
52.43808 3.89627
51.37733 3.82278
48.78532 2.99835
53.28325 4.65745
56.06092 5.91644
55.38074 6.18935
-16.50937 -10.02877
-10.49087 3.54635
55.42260 6.51707
54.98419 7.56194
33.98785 -7.01219
49.72263 4.39466
54.02114 4.60679
-24.83823 13.80152
-22.91196 13.66875
-25.31565 17.06509
-24.24347 3.70360
-24.47580 16.33761
-14.56813 3.43833
-26.49949 16.57662
-23.23439 6.01093
-24.09845 2.90698
-13.85881 15.82113
-25.51192 17.96674
-19.69390 5.99593
-24.76779 19.52177
-23.15769 11.74188
-23.23753 18.75482
-24.60866 13.80327
-25.11836 29.96216
-21.59373 3.74902
-24.75625 2.62132
10.00316 9.96382
-28.32257 19.11703
-27.96493 19.70375
-25.78134 18.21726
-29.43673 15.44471
51.48471 2.20242
33.93614 -4.28894
-26.09104 12.91098
-20.98066 5.89668
-25.25344 11.07255
-27.02470 20.21298
-23.48892 -2.01376
0.77379 7.79101
-24.58889 16.78785
-26.63587 16.42768
-23.66110 -3.64554
-24.61089 8.90801
-24.27053 4.27718
-24.95140 16.43365
-27.56643 17.83138
52.93192 5.58780
52.47800 5.25971
24.40477 -5.90537
32.68657 -2.69206
45.59299 1.23639
-21.81873 2.63666
-24.15212 9.45101
-24.47541 14.47335
-26.63300 21.38666
-23.32585 3.93949
-14.33096 -5.32170
-27.52717 23.02858
55.02241 3.68660
54.32575 4.57777
49.61118 3.73638
54.49186 8.33120
48.60317 -2.16985
-23.00683 32.87747
-25.27993 34.32599
-24.09794 34.37226
-27.19233 32.68345
-26.59036 34.70594
-24.84225 35.79925
-25.83640 33.87950
-26.29656 33.76483
-23.73053 35.80912
-24.37994 33.01687
-25.24545 33.56531
-25.19037 32.29172
-25.60495 32.56265
-23.21130 30.26228
-22.94512 31.86135
-23.27588 28.97601
-28.84197 33.86596
55.43534 4.71840
52.99972 6.86904
52.76962 4.05755
44.63012 -1.73458
-26.08419 33.04421
-24.55784 29.76940
-24.15979 31.12574
-28.59304 34.58949
-22.28744 32.23632
-21.70821 26.76352
-27.07937 35.16461
-23.45086 29.35475
-24.30694 33.23569
-27.13521 30.94380
-21.70937 32.23590
-23.19408 31.75331
-27.61196 34.64023
-26.63131 31.14548
-24.21954 30.97094
-24.29261 34.35262
-23.61371 32.53282
-23.60915 32.25800
-26.73564 34.83428
-23.38785 31.71466
-25.49406 31.97161
-23.58843 -3.43541
-20.44347 2.05842
56.43178 6.23248
-23.08372 11.11757
-26.95202 16.24344
-26.11192 21.05921
53.50849 7.58086
38.98911 -4.16666
40.15370 -0.75439
-25.28156 33.87101
-24.52304 26.78066
-27.03980 34.47045
-25.58599 36.18127
-23.95955 34.76976
-24.33120 30.79842
-25.26595 33.79452
-26.37903 34.33461
-26.29658 32.19455
-22.24383 30.75242
-27.29925 31.65624
-26.82481 32.74920
-25.21217 33.43966
-24.63314 35.93611
-26.36257 30.87115
-26.24746 31.74412
-24.67295 27.94267
45.31322 0.77237
56.24622 6.85382
-25.55459 12.81811
-27.63721 20.41274
-27.64521 20.32000
-24.22350 33.28947
-25.68777 32.80562
-23.81615 34.46648
-27.10945 32.38666
-27.89560 34.38633
-25.21948 33.65617
-26.78926 36.54694
-24.53761 35.27113
-26.23067 37.64433
-24.33222 32.75210
-25.95883 31.16634
-22.68551 34.41784
-25.65753 33.07079
-28.49215 31.75985
-26.89245 32.77344
-27.27467 36.12230
-25.58843 32.51648
-22.24155 33.01346
-23.09315 33.89220
-26.89926 33.88195
-19.16595 -22.88929
-17.73585 -26.71691
-11.96098 -25.56082
-16.81023 -29.02520
-14.92125 -27.74183
-15.35643 -29.52279
-10.57298 -31.62742
-13.37479 -30.56674
-13.48145 -32.40173
-15.04387 -29.75762
-16.78757 -28.61588
-15.21241 -28.49265
-16.04807 -30.72664
-13.45644 -26.32697
-25.22427 33.75511
-20.18061 4.41983
-24.77620 2.32117
42.24672 -1.39040
50.61362 5.43429
-26.20941 20.54947
-19.88555 10.82860
-25.35092 7.29082
-28.25699 16.04418
-24.27707 16.01566
-28.77088 19.58186
-26.66155 18.96174
-6.59268 3.21891
-24.03191 13.26081
-18.73079 -9.32794
-26.08927 15.25859
50.94740 6.48887
-5.25320 -22.41422
39.42129 -6.34081
39.34202 -4.84819
-26.04944 11.14941
-22.16987 -0.46321
-25.99513 19.28395
-27.30805 22.71197
-17.70856 -7.82097
-25.81869 11.73741
-21.43306 11.05997
-19.25210 2.72906
54.17494 4.09664
57.02615 6.75481
41.97116 -4.19928
-21.95270 -0.42244
39.46576 -2.64100
38.87737 -0.35648
37.83816 -4.64525
52.39002 2.38133
57.68573 5.72798
49.91136 3.65808
50.76796 6.18203
53.48661 8.74896
51.48612 1.98457
43.39244 1.64416
34.82446 -4.60140
54.54078 3.14184
47.46034 4.43808
-18.89405 9.81138
-22.14395 10.86553
-24.32164 34.58305
-26.82581 32.01561
-25.16171 34.34725
-25.76643 32.82455
-23.44630 32.31607
-23.69986 34.94683
-22.22101 28.96905
-23.76945 32.01725
-22.12684 37.10196
-25.01426 32.17849
-25.43845 33.17789
-23.67917 31.65401
-23.95730 34.96427
-26.61167 32.63027
-25.59714 33.41111
-26.41723 37.00900
-25.26637 35.83801
-24.50879 33.83734
-25.45499 35.17520
-25.24149 34.37968
-24.21848 30.77591
-25.43531 29.52235
-24.46764 31.17122
-25.05894 32.55921
-22.78755 32.68057
-23.38310 32.70996
-23.62066 32.84676
-28.10804 34.43952
-26.28235 31.93742
-24.54758 32.63510
-24.01959 30.90888
-23.79408 34.68156
-28.42435 30.25714
-23.53823 32.49423
-26.43440 31.69742
32.24761 -6.23423
22.18647 -9.93197
-26.37497 5.64268
36.43361 -3.94853
52.49084 2.87970
53.99722 6.92726
54.74920 3.90695
47.98498 3.82530
33.62309 -4.14291
50.79695 1.81883
35.54565 -4.32797
52.43486 5.97256
53.19998 4.79541
52.50707 4.88468
53.58598 4.13385
53.82740 6.67499
48.66371 3.10816
50.76682 6.20101
54.02995 5.13034
36.34723 -1.03312
47.32011 0.33327
46.74102 -0.58462
55.74965 4.90668
48.09017 -1.16394
55.58575 5.47408
-15.81172 -16.55022
-13.11481 -9.65617
-15.52218 -7.70257
-17.60010 -7.81274
51.64188 3.69617
54.05627 7.39240
51.61417 5.59187
52.65981 4.42654
27.45953 -4.30548
46.33939 5.86056
54.69847 4.34553
-23.80347 32.56286
-28.09428 32.58876
-25.91313 29.10736
-28.17277 29.87089
32.66811 -6.55631
54.85121 5.32183
44.32528 0.72714
52.19590 5.53234
53.65649 3.97756
51.94757 4.70660
45.73676 -0.25934
30.04161 -2.93957
48.51986 0.38452
55.19286 4.78080
53.84367 2.81619
55.74151 6.38548
53.43023 6.29727
53.01409 4.12495
55.20664 4.03246
50.58207 1.88946
53.91023 4.00845
42.37724 0.70190
30.47500 -4.37901
51.56860 3.68326
55.26322 6.17683
52.01214 4.06177
53.61138 4.91522
50.75957 4.35424
53.80174 5.16224
54.63290 4.81170
53.05821 3.73617
-16.17385 -9.55807
-13.33116 -6.53072
-14.54152 -7.60837
-15.77592 -15.12274
-16.46719 -10.50993
54.82148 2.41243
54.20398 2.70116
53.00586 3.38729
52.33585 5.63965
55.30020 4.45569
54.59948 6.83439
56.17183 2.85518
55.23200 1.70421
54.02626 6.22563
55.94743 3.23699
52.65142 4.11440
54.83516 5.41157
52.18763 6.23178
53.65051 4.94453
53.17736 2.36095
51.94069 5.30177
-15.35322 -14.25595
-14.29773 -12.47200
-17.69383 -9.16729
-13.58352 -16.91340
-12.07874 -16.63196
-15.10732 -15.07033
-16.98238 -13.14635
-13.19493 -6.39562
-15.48434 -13.77545
-13.40466 -9.50574
53.97348 1.71884
55.31049 4.23135
55.10307 3.83576
49.91322 1.57335
48.63986 2.24528
54.28918 4.66300
-12.35406 -9.38211
-16.91598 -15.29743
-13.60070 -2.10036
-13.99623 -10.72227
-17.56557 -11.53208
-13.72085 -5.25419
-15.18090 -15.12896
-17.06483 -14.45748
-15.37432 -15.32059
-16.56739 -9.09898
-17.03072 -10.25808
-12.53861 -14.22161
-14.94841 -10.69802
55.47794 6.84427
54.78409 5.82921
53.28988 2.95122
53.49581 3.34472
54.78475 6.53473
54.12373 5.10669
-14.31944 -8.41150
-9.33079 -5.83663
-14.00274 -4.39023
-17.03126 -0.96913
-14.99499 -11.56937
-14.12761 -9.30951
-14.11796 -11.85888
-16.45288 -12.06081
-17.78926 -11.50445
51.43641 3.62813
54.11957 4.18511
54.38348 3.39468
51.28117 2.81343
55.78968 5.83719
53.88261 3.24420
54.59974 6.72383
53.12215 5.87464
50.44518 4.92716
-11.71376 -10.01597
-17.25862 -5.70648
-14.92581 -3.09573
-16.07750 -2.71461
-18.86536 -2.60052
-12.60725 -2.92510
-16.49063 -3.09600
-17.57075 -7.28597
-13.98218 -5.44560
-15.07901 -7.29697
-14.86050 -10.02469
-14.11123 -5.92603
54.38566 6.00717
52.58120 3.72808
53.32997 5.57544
52.05429 5.64263
47.25350 1.78770
53.18797 4.36883
53.99512 0.84707
56.50572 4.58289
54.00871 6.22541
53.68409 7.20943
50.99886 2.82202
53.04635 2.48432
56.51042 4.16812
54.25855 4.95221
54.74572 4.83630
53.24459 5.15548
51.12220 2.20765
51.70329 0.06482
55.03503 6.52097
50.93070 3.89696
55.18779 4.77317
54.52393 5.66278
51.02120 6.53757
54.89427 2.94059
52.91757 2.85003
48.10453 2.37134
53.09919 4.79779
52.42326 5.07167
54.92499 5.86932
51.07531 3.88700
53.19583 3.63923
52.38826 2.51599
51.40516 8.11628
52.47146 4.28031
52.73483 3.69642
49.19246 1.67274
54.59871 2.62772
54.09072 4.95311
50.40550 3.48659
54.57376 5.42132
51.86024 4.31682
55.74252 4.66874
55.28706 6.84365
53.38112 7.25617
54.64805 6.17353
51.64686 6.93534
55.54752 6.74314
55.20208 7.70573
55.23414 5.47740
54.25539 3.57040
56.97539 6.11509
56.48485 9.01324
53.45420 5.93729
55.88107 5.67715
55.81265 2.83575
56.37384 4.46874
54.37711 4.02535
52.59519 6.07555
-17.87932 -3.69791
-16.55719 -3.06781
-18.13506 -6.69651
-13.63206 -5.37373
-16.23325 -5.17753
-11.80221 -6.07828
-13.91660 -10.84319
-14.56124 -8.52672
-15.07882 -7.42350
-15.67825 -8.28128
53.14757 6.45987
52.24926 3.66919
54.63552 5.87845
57.03183 5.83398
54.09444 1.83410
54.10528 3.50134
53.42660 5.95611
50.33137 2.08195
52.03518 6.18556
49.20400 6.68299
58.99920 4.02856
56.04284 5.89145
52.11008 4.17987
55.59895 4.15234
54.42224 6.23006
55.52200 7.02721
55.67135 4.49125
52.64354 6.46696
55.61677 7.10699
55.48476 6.31277
55.18902 4.53849
55.37850 6.46800
53.55201 5.12978
54.56775 6.39019
57.13106 4.33536
56.65554 3.87764
56.23871 6.03768
55.55377 3.32137
54.62092 5.64735
52.84808 6.22015
54.77470 4.59204
52.98432 3.93151
56.54913 3.90438
54.10686 3.62845
55.45722 5.20128
53.18906 5.44485
55.16118 6.21413
53.16153 4.83751
53.18272 7.70822
56.38382 5.11325
58.87411 3.79702
52.36682 4.68046
54.86951 7.54156
55.27403 4.81076
56.50418 6.96959
54.82826 4.23340
53.34201 4.97953
52.48781 6.25083
55.66100 6.94878
54.11208 3.39271
53.24867 5.68176
54.94353 6.53439
54.25690 3.80889
52.07480 6.07060
54.25052 2.16012
54.10556 4.87185
52.47978 5.90926
56.57175 5.67367
55.15218 5.36188
57.34865 5.92441
55.03793 6.43066
53.91280 5.89880
57.02110 5.36516
54.19542 5.94906
54.89391 4.12491
54.97463 4.84509
54.53465 6.69759
52.34726 6.50877
52.18863 6.96728
54.59250 4.37195
53.61084 2.44324
55.25398 6.07839
54.06389 7.45963
56.31497 8.38505
54.50975 3.76132
54.96360 3.47496
53.56861 5.27913
53.91845 6.46277
53.68124 7.42373
53.96433 4.96733
58.34395 7.19047
54.96482 5.88724
55.48126 5.00679
56.36640 6.22938
-14.47587 -4.89766
-12.97270 -3.77469
-14.39318 -15.54397
-13.99337 -10.28214
-15.40222 -13.92421
-16.02556 -15.29721
52.09860 4.02592
53.16454 8.14782
58.32218 5.77922
56.60701 5.09261
51.28704 4.26914
55.11740 4.09116
56.09969 6.61148
53.34834 6.03419
55.23809 6.06554
56.92760 5.45944
56.58303 4.71390
54.68895 4.34624
58.99917 5.48737
53.65762 4.71112
56.13588 4.62489
54.73764 2.28273
53.25284 6.73164
53.89278 4.14143
51.26138 4.15896
53.78472 5.47871
53.08710 5.24694
53.11035 5.12010
56.94031 5.83319
56.36284 7.80393
51.30960 6.49757
53.17890 6.50008
54.85760 6.08553
55.59043 3.39008
54.85579 5.76817
53.19176 5.52479
56.50899 1.99276
56.63173 5.85941
55.31360 4.31341
55.19124 7.02262
56.20137 7.94730
55.30619 2.80990
51.85623 5.49333
53.50686 4.67345
56.61770 6.22828
51.70115 3.50470
54.01582 3.75959
54.33785 5.35656
55.06714 6.39935
56.11134 7.04144
54.76006 5.20796
53.89590 5.23532
55.29851 6.42609
56.22132 8.80446
54.25203 5.86287
55.88109 5.03537
54.85711 5.99525
51.36719 6.71757
54.00218 4.39308
55.41748 7.92815
54.68215 3.46156
55.70928 6.45963
55.77881 5.59215
57.25508 6.56392
50.70201 4.70173
54.94364 4.46310
56.45970 7.02706
51.23246 3.94804
54.12842 6.23046
53.63858 5.01509
54.27522 3.81060
56.07186 4.26928
53.53841 4.16061
54.91548 7.21616
54.06465 5.15227
55.20996 6.40487
54.60937 4.67595
56.63883 5.17787
57.02915 5.51156
54.67523 4.07176
-13.16063 -8.50656
-16.47986 -11.34374
-9.31326 -7.45839
53.88105 5.97542
53.76411 1.77671
55.99810 5.15634
53.65592 6.36197
52.18803 4.09154
53.27495 3.65575
56.24596 4.85629
53.39251 4.65871
52.04411 3.99569
50.77026 2.19171
55.15135 5.37913
54.57737 4.92003
53.02986 6.93399
52.33735 5.72758
56.26783 6.89635
55.30818 4.99021
52.59890 6.34622
54.44965 4.94045
57.16562 3.62026
54.09521 3.22081
56.39215 4.18623
51.36902 5.21941
54.73719 4.64804
53.24091 2.97496
53.32445 5.43450
-16.35727 -1.30628
-18.43258 -0.30609
-17.54451 0.19381
-14.92624 -2.60860
-15.85428 -6.07815
-14.07494 -1.79049
-13.37387 -2.00512
-13.75379 -3.54528
-14.98624 -5.54271
-17.03121 3.08834
-12.21894 -4.17553
-12.07455 -3.05130
-14.46034 -2.47957
-14.55406 -15.17347
-15.93067 -13.88650
-12.92011 -14.84828
-13.67357 -13.38013
-13.91107 -8.99424
-15.70964 -10.52970
-14.89733 -10.94401
-15.21349 -5.56001
-16.02075 -3.66448
-16.21280 -3.60940
-12.90297 -8.81840
-15.75299 -6.57896
-13.80818 -2.31341
-15.53283 -4.17729
-17.70086 -7.26066
-14.94170 -9.00033
-14.09649 -3.86855
-13.09550 -7.31277
-13.73212 -4.69889
-17.54286 -11.49244
-17.02386 -5.56693
-11.47045 -2.48839
-15.49197 -8.96192
-13.71081 -5.41457
-12.49284 -7.67569
-15.17045 1.40999
-14.74257 -7.08186
-15.59071 -4.89295
-17.41731 -3.67444
-15.84127 -5.39251
-13.12942 -5.49390
-14.94823 -4.41420
-17.00924 -3.03075
-15.55851 -4.05525
-16.28321 -3.97214
-14.39112 -3.92612
-13.28631 -3.33728
-13.42754 -7.32306
-13.32663 -5.82762
-15.35511 -10.35623
-16.23769 -4.11976
-15.59867 -7.67671
-13.67864 -6.80830
-13.64617 -4.73677
-18.24764 -6.96568
-15.00067 -3.43500
-14.37816 -9.54728
-16.42508 -8.70897
-12.97546 -9.78263
-17.20059 -0.81119
-17.14471 -6.60757
-15.38381 -2.80062
-15.38149 -3.18318
-13.96859 -5.16821
-14.10767 -6.41572
-18.08491 -3.53455
-11.91081 -7.75042
-12.56871 -11.11496
-15.73585 -2.45874
-13.07715 -4.44361
-14.82262 0.80769
-16.36854 -2.35561
-12.35995 -7.18095
-17.10288 -1.27366
-14.88842 -5.07076
-12.47404 -4.85872
-16.78531 -6.64750
-14.08724 -4.34093
-14.06029 -5.88097
-12.11999 -0.19847
-13.95156 -5.62189
-17.84337 -4.84910
-17.37332 -8.86304
-14.20183 -3.08077
-13.40675 -3.29039
-14.08235 -5.67143
-14.67850 -10.80547
-14.80683 -17.28896
-13.14624 -5.19506
-16.07221 -3.56585
-13.82334 -2.46800
-13.58685 -2.13662
-17.07108 -6.91349
-13.28713 -0.24023
-13.06076 -3.03673
-16.80305 -1.36593
-16.43962 -4.43260
-13.37701 -4.81727
-12.91383 -3.38282
-13.19152 -7.85306
-15.69096 -6.93046
-13.47727 0.86549
-14.23130 -3.21601
-13.38379 -6.01413
-15.89992 -8.01590
-12.62627 -4.62087
-16.10517 -5.94807
-14.82318 -9.01265
-18.12414 -0.51756
-16.40507 4.04180
-16.12184 2.14319
-17.04181 -1.59041
-18.95965 -2.14593
-14.21896 0.10952
-13.79574 -0.38056
-17.38247 -2.91258
-12.30824 -6.26696
-17.09809 4.20558
-17.67207 12.25622
-15.52891 -6.91154
-16.93356 -0.09458
-13.93267 -3.21454
-15.92959 3.07055
-17.61092 -1.23972
-19.65706 -0.86469
-16.18372 2.50267
-14.25186 -6.99805
-16.13885 -3.04985
-14.62475 -6.14471
-17.48588 -0.60148
-13.13448 -5.57432
-12.67769 -3.41063
-14.82920 -3.37341
-12.63394 -4.00195
-10.51498 -5.52991
-14.67170 -2.08915
-10.79639 -2.50363
-14.60068 -0.66516
-14.06169 -1.04623
-11.64562 -5.53982
-13.04130 -0.48680
-15.08594 -1.86502
-15.07722 -13.30408
-15.52923 -8.89971
-16.92584 -8.30894
-13.87075 -4.58689
-14.75329 -1.98390
-14.18200 -7.24498
-9.77971 -6.62301
-15.31841 -3.61707
-9.54909 -5.13216
-15.77432 -4.03342
-12.18113 -1.64149
-14.64730 -5.62188
-15.06349 -10.07906
-16.06915 -2.64392
-11.57242 -3.79328
-16.18475 -5.52741
-17.32212 -6.99866
-15.74402 -5.04584
-15.47733 -12.05925
-14.55298 -4.97949
-8.32780 -2.43346
-17.13070 -3.74896
-12.27551 -7.22865
-11.17155 -7.91902
-12.91472 -5.67464
-13.57471 -9.29021
-13.47918 -5.77222
-14.92067 -7.28603
-17.12211 -0.96572
-18.63180 -2.18227
-12.32162 -3.99900
-15.22594 1.15787
-14.24096 -3.22418
-14.28145 -4.06221
-15.31861 4.70921
-15.87702 2.74996
-15.31586 -5.92953
-16.73476 -3.42778
-18.70493 1.05123
-16.07685 -2.59500
-15.78443 4.22498
-14.20427 -2.87872
-13.77132 0.61460
-16.84525 1.84784
-15.80390 -0.58667
-12.99823 -4.13978
-14.92268 -0.57664
-12.29963 -1.92189
-16.78052 -11.03072
-16.32756 -4.33257
-15.14716 -6.17348
-13.09366 -5.47890
-14.41173 -9.38460
-11.51873 -4.69413
-12.38445 -7.89028
-11.65504 -4.71702
-14.84911 -0.55084
-14.10690 -9.21363
-13.54261 -0.88658
-13.59323 1.44991
-17.11762 -3.63030
-16.17387 -8.50242
-12.86164 -3.37326
-13.59400 -7.36388
-13.67807 -4.45892
-13.79481 -1.07793
-13.40540 -2.95345
-13.89673 -4.84642
-14.96137 -10.91517
-16.75819 -3.96474
-14.11402 -1.89447
-15.49350 -6.16743
-17.99039 -5.31945
-14.68012 -4.86631
-12.56094 -2.64562
-11.60611 -7.25964
-16.04246 -3.47884
-17.20282 -5.37106
-16.19840 -3.44269
-15.01391 -8.60597
-14.57251 -4.95037
-12.95547 -6.86886
-16.33309 -0.55391
-12.61270 -6.08324
-14.42277 -4.94166
-12.84005 -8.45030
-17.82609 -7.88062
-12.82796 -7.90273
-12.73117 -7.72200
-15.10198 -2.84930
-13.56126 -5.28580
-14.25629 -3.57426
-13.54544 -2.50579
-13.25380 -3.54426
-15.80985 -5.19799
-13.13433 -5.71568
-16.76081 -1.80395
-16.01123 -4.11682
-15.43256 -2.46457
-14.40503 -5.42237
-12.69856 -6.77577
-16.00345 -6.92297
-14.51119 1.67130
-11.98626 -0.43183
-15.72397 -3.35819
-13.70901 -3.19350
-14.14194 -2.99580
-15.56045 -4.88811
-15.16539 -10.38557
-16.18399 -11.27994
-15.14516 -4.35949
-15.13558 -1.81806
-15.48498 -1.53848
-14.63822 -3.01848
-14.53481 -1.76185
-15.07914 -4.75684
-13.02823 -8.12671
-14.71206 -5.97163
-13.61216 -7.25198
-16.92444 -1.81243
-16.26193 0.65719
-18.87012 0.81626
-13.73336 -2.34022
-14.83170 -3.51804
-15.91863 4.94578
-16.00274 -1.04946
-17.70946 -6.05411
-11.72548 -4.77778
-15.42168 -0.36577
-15.38500 -2.10594
-16.82757 -2.23922
-13.95467 0.91719
-17.57694 4.51598
-17.92178 -4.06175
-17.38715 1.17784
-16.84726 -4.88039
-15.07769 2.61406
-17.78535 -3.41359
-18.23201 -6.87174
-13.54880 -1.10443
-16.47149 -1.26559
-16.12301 -6.58037
-14.67421 -3.67299
-16.94005 -2.56819
-13.30630 -5.18321
-17.47509 1.91584
-18.09640 -0.33733
-16.33857 -7.39242
-16.10311 -3.98122
-17.40097 1.42095
-12.96374 -3.74518
-13.91879 0.13984
-18.12081 -3.22615
-17.13573 -4.41680
-14.92533 -5.76402
-15.47829 -6.31347
-14.50600 -7.36608
-14.49440 -7.12842
-15.78928 -0.76609
-17.14496 -8.09211
-14.89180 -5.70425
-15.10116 -4.85657
-11.27562 -3.68380
-16.34347 -3.35129
-12.56128 -4.04416
-17.31990 -27.67923
-15.82311 -26.76010
-16.91399 -28.95738
-16.83687 -29.61597
-17.53545 -26.14509
-14.99578 -30.78629
-17.07963 -32.12273
-16.86446 -29.64464
-15.60609 -28.66372
-19.29121 -28.58859
-17.71390 -32.56217
-17.91966 -32.48852
-13.95691 -28.82109
-18.66518 -26.74349
-15.83166 -31.09234
-17.05557 -33.64790
-16.18801 -27.93239
-15.87079 -29.85706
-18.68846 -27.74714
-17.66449 -30.84801
-18.11304 -30.13006
-12.30505 -33.92335
-17.82945 -26.12245
-16.00129 -26.74863
-16.63493 -34.48376
-18.20624 -26.02699
-17.33573 -29.20814
-17.68156 -25.99675
-14.45026 -27.43691
-19.03475 -26.43993
-19.20451 -28.91134
-16.09871 -26.10626
-20.40324 -26.50145
-17.28631 -27.42731
-16.59461 -29.52273
-16.86807 -25.35765
-17.97001 -32.91402
-16.58150 -29.61842
-17.15989 -33.90494
-16.62423 -29.76630
-19.54521 -29.01492
-15.80163 -28.46076
-18.48311 -30.83251
-15.82158 -29.75019
-16.80923 -27.99612
-18.26241 -25.52123
-14.38560 -31.34536
-18.18118 -29.80424
-18.34846 -24.19272
-18.07488 -32.85265
-19.05883 -28.79950
-16.06252 -29.66884
-17.93179 -28.76523
-17.01198 -30.39528
-14.66877 -27.88501
-17.32891 -25.89842
-14.97054 -29.64534
-15.24608 -24.01196
-15.50309 -31.98375
-15.74585 -27.29048
-18.59569 -28.24773
-14.61665 -28.42110
-14.85084 -29.87053
-17.50852 -26.68163
-15.89748 -31.16898
-17.06410 -27.46152
-17.41670 -29.61283
-15.40002 -31.53685
-16.61164 -29.00574
-16.56817 -30.49281
-18.29308 -26.61078
-19.43767 -24.75975
-16.44067 -32.55439
-14.14632 -27.84629
-17.16252 -29.14547
-18.97113 -24.60895
-19.45586 -28.08230
-17.36406 -23.63416
-19.15238 -24.18185
-19.20006 -31.00614
-17.44348 -24.02803
-16.10450 -28.05211
-17.69647 -24.83106
-17.30870 -32.64885
-15.42156 -33.20566
-18.39122 -30.06880
-12.93245 -30.06590
-18.31296 -28.95918
-17.31622 -28.19052
-13.05310 -31.11733
-16.34141 -30.16644
-19.87753 -32.63669
-13.97924 -29.64706
-14.53845 -28.19471
-15.60922 -29.03825
-13.66830 -28.35687
-15.10059 -29.01221
-14.75175 -33.13631
-13.35263 -30.31256
53.75851 3.55479
52.66522 1.34500
55.84243 6.22328
54.91980 6.13239
54.94323 5.81120
54.13402 2.71685
55.96208 6.54941
54.36395 4.26346
54.39492 7.00423
55.95536 6.20231
55.07138 4.06784
56.09956 7.82871
56.96192 6.09314
52.21367 3.76147
52.89676 3.73829
54.28163 4.02014
54.19339 4.39845
53.34559 5.44020
56.43390 6.32794
-25.83707 32.40229
-24.59893 33.39977
-23.32978 33.72568
-26.70392 32.23751
-24.37981 35.08611
-27.55432 32.13405
-24.03864 34.70786
-26.61134 32.28430
-27.27952 26.69666
-27.27597 32.77794
-26.45157 35.10779
-24.13091 36.66733
-25.04081 34.56858
-26.76838 34.60379
-26.51681 30.31207
-23.81496 32.63734
-26.69434 31.64091
-28.39999 33.48126
-25.79429 32.91016
-24.00185 34.07183
-26.85542 34.68687
-26.24251 33.22798
-27.91069 32.40906
-26.92714 34.92161
-25.52301 33.71614
-25.89495 36.00096
-26.88498 35.14423
-26.62558 30.81652
-23.74299 31.29247
-26.01425 33.69406
-24.37154 36.07226
-27.07818 33.86995
-27.13259 32.23288
-25.86407 31.67114
-25.81506 32.51134
-27.86870 34.69312
-27.99190 34.34879
-28.23675 33.68658
-24.01164 34.93418
-25.33309 36.15486
-27.98517 34.79393
-25.72112 34.58242
-26.14998 37.00196
-28.17800 36.23517
-24.93515 33.05378
-26.25788 31.73708
-30.29062 34.52694
-29.41281 32.05329
-27.49913 35.46331
-24.95626 36.13343
-25.18642 35.52066
-26.98245 32.08207
-28.65413 29.06433
-26.36880 35.14765
-26.11227 36.23856
-26.30291 35.09236
-25.33800 32.26607
-25.26319 33.62293
-25.39806 33.95012
-26.79137 35.50061
-25.30881 31.25724
-28.45446 33.29214
-25.63861 34.65000
-28.47792 32.37152
-29.11335 34.99547
-23.90015 32.13267
-23.84308 29.57737
-27.72130 33.48971
-26.09198 33.87832
-23.80194 33.59635
-24.46361 30.72951
-26.97146 30.93835
-27.31069 31.88642
-28.31873 33.14114
-24.39566 32.42611
-26.04340 30.64099
-26.03085 33.36381
-27.10997 33.11526
-25.86117 32.07544
-28.03074 35.06532
-24.10674 33.62720
-27.53457 37.17242
-26.33653 35.21755
-24.26066 32.83977
-24.98289 32.93118
-25.44085 32.70201
-25.61206 33.28196
-23.93794 35.90318
-26.73115 34.72897
-25.76426 32.19223
-26.38552 36.87636
-25.17877 32.68392
-24.84475 36.32280
-29.34359 37.17957
-27.76288 31.78295
-29.28840 27.86413
-23.53089 29.14942
-26.88593 34.35360
-27.31481 33.69255
-23.09358 32.16524
-23.53852 28.96232
-27.59468 34.74174
-25.63442 33.66304
55.34834 5.91874
52.54587 6.85326
54.30223 7.28244
54.11744 6.64323
55.08668 6.44220
54.90579 1.72198
51.76361 3.88855
55.49439 3.32527
53.71613 8.00721
54.99593 6.73471
53.08040 5.32096
55.84222 5.69734
51.67466 4.24167
55.14886 5.49031
54.45150 4.66003
54.91600 3.72942
54.39644 5.06600
53.76940 5.28506
53.09283 5.63785
56.80219 2.99380
54.46234 4.33558
52.11920 6.01046
56.87265 4.35510
56.74149 4.55851
54.80530 5.47422
52.25820 4.05413
54.07662 6.61358
53.98644 6.68257
58.08128 4.92058
-27.68170 31.89810
-24.71575 32.73621
-24.70134 33.23038
-27.43834 35.21216
-25.92469 35.95713
-25.98960 29.52549
-28.25142 33.27691
-26.05421 35.89272
-27.01151 33.58075
-24.29274 33.06628
-25.40741 29.85160
-23.06450 34.98782
-24.14576 31.74556
-24.95775 33.23425
-25.03521 31.78612
-27.80844 34.06153
-28.28049 34.43755
-29.03267 30.27530
-22.73059 30.67099
-25.62237 31.81328
-27.30925 30.62694
-26.31635 34.85627
-28.38778 33.84478
-24.40513 32.11972
-27.90221 34.59117
-25.13802 30.77016
-25.00877 29.42791
-25.41568 35.63397
-26.39808 34.33917
-23.45988 31.47680
-26.91833 32.03924
-27.63777 30.35550
-27.89763 34.44105
-25.82158 29.81892
-25.84885 30.88018
-25.45010 34.08917
-24.46455 32.26545
-25.01159 31.77360
-27.35511 31.24907
-24.88872 32.40051
-24.34992 30.02440
-22.98936 30.52796
-26.45057 37.15325
-23.56008 32.57373
-25.25417 26.66744
-24.32169 31.87806
-25.69786 31.85001
-25.60699 35.25771
-25.23243 35.92724
-28.21236 32.98282
-24.80476 33.66005
-27.60226 34.82073
-25.83374 31.90315
-25.87490 29.93578
-26.26620 30.88517
-26.30614 34.56016
-23.03231 35.58235
-25.93724 33.18403
-24.68922 35.63682
-27.40710 31.99095
-26.23135 31.23849
-26.73052 34.88702
-24.71992 34.29381
-25.48445 35.08011
-25.77608 33.20728
-26.01044 29.83913
-27.44230 34.80095
-25.78635 30.75202
-27.39985 30.41631
-23.28284 32.92388
50.25886 4.92381
47.59032 3.41451
50.48734 5.10824
52.36452 5.77251
49.85552 2.02476
48.51328 2.08195
54.00626 3.47090
44.60575 4.40008
48.20206 1.05892
48.11185 2.94460
51.68206 4.73315
55.19582 5.25395
51.20290 5.73624
49.67638 4.18277
51.60370 4.37311
50.30451 3.13983
49.18134 5.01619
47.77783 2.02265
-23.78968 29.85118
-24.75594 31.86375
-25.99504 34.71305
-23.48117 25.61627
-27.28308 33.96018
-26.18653 31.17140
-24.79507 32.71203
-24.19700 37.20013
-26.57110 34.78216
-27.76088 39.73227
-24.90358 32.34104
-26.62054 30.44029
-27.56350 30.51993
-24.07961 36.97137
-25.49544 30.46582
-25.06425 27.25147
-26.21564 36.07775
-27.35479 31.34238
-22.99317 31.66859
-26.65793 35.17598
-26.11691 28.47236
-23.22974 33.97185
-24.03725 32.59255
-23.53939 26.69625
-26.68182 34.43535
-24.93188 29.53763
-24.66280 33.17605
-24.14670 33.13726
-28.54751 35.21111
-23.57114 34.25791
-25.29103 34.85356
-25.31705 30.46224
-25.69248 28.80675
-24.99098 36.24791
56.14000 7.19757
54.91381 5.61345
56.34553 8.01449
56.67556 6.81952
52.31988 6.73465
55.83311 6.98385
53.21130 7.27398
55.24042 6.52712
56.46454 4.02348
54.04788 5.59607
54.74229 5.50382
53.79913 3.72552
52.81929 6.38201
52.62176 5.56493
54.70430 5.00229
54.32186 4.19637
55.37862 6.72595
54.35531 5.25575
53.28599 4.63202
53.62289 3.79669
55.37807 4.68134
54.92021 4.22085
54.98984 3.81113
56.77564 3.25342
55.07278 5.91682
55.98568 4.10105
51.90865 6.21184
52.92185 6.67555
56.99975 6.01343
53.57526 5.47626
54.11919 4.79104
52.74529 5.78141
54.03179 4.48877
53.91795 4.51409
54.80334 3.45497
55.16757 5.96615
52.14309 2.85301
54.34343 3.69145
52.56335 6.12814
55.39206 4.72847
53.30400 4.67753
55.13690 6.36671
54.67922 5.66901
53.25627 3.97682
52.64723 6.77508
52.44177 6.57625
55.71797 7.28986
53.97577 6.01344
49.39776 7.54000
49.87841 5.56039
53.73799 4.89941
51.58003 3.68907
54.94502 2.86149
58.01531 6.18884
55.57415 3.16881
55.51089 5.11811
53.17126 8.14982
56.31106 7.69330
54.14729 4.77770
54.32712 6.29459
52.42244 4.11344
50.99050 3.80366
51.23375 3.83433
47.81571 2.02510
52.00179 4.11144
49.43969 -0.78716
49.27903 5.91566
43.06607 1.51055
56.30310 3.55401
49.96938 2.73753
44.13780 1.77990
54.45723 5.37542
46.71828 4.88491
50.22415 0.21521
45.25805 7.11093
50.02023 6.25341
51.61297 2.33565
48.38088 2.37425
53.08559 4.89630
51.30787 4.24204
47.03575 1.17279
51.06108 4.42975
53.07525 5.66165
51.29001 5.54598
49.26558 1.96988
47.84135 0.39730
52.22836 6.71454
52.70074 4.91146
51.76662 2.19292
50.93038 0.83602
50.91349 3.15335
49.70529 2.67559
50.67015 5.14662
52.72985 2.73498
50.61241 1.38089
43.94827 2.22696
50.94114 3.71201
46.14761 2.25302
49.59500 3.87829
53.10674 5.13966
48.12708 3.95469
49.00942 3.03016
45.72134 -0.00891
51.33986 3.51491
49.49072 3.80251
48.73191 1.44629
50.76599 2.86117
50.78467 5.71315
51.93707 3.47178
51.78651 3.08477
50.87725 4.84040
51.91235 7.52370
46.19962 0.48105
47.38310 2.72552
48.69895 4.66503
50.65154 4.36162
52.84410 5.86249
50.27171 1.65810
48.94695 6.57467
49.19606 3.09193
51.61487 4.20274
52.23860 2.70057
47.82531 4.47065
47.51058 4.57953
51.44680 6.05727
50.78627 5.44841
51.42914 4.24461
46.94892 5.15940
49.93796 3.86498
49.14490 4.11355
53.14511 4.59390
52.08830 6.81246
49.54769 4.49101
48.23011 2.60229
52.46493 5.50836
54.31362 3.28107
46.76455 6.29871
49.68216 4.85413
51.21612 5.08672
49.46873 4.85844
49.53698 4.89662
22.87078 10.09717
-11.05213 -24.31914
-13.97579 -19.81862
-7.63145 -9.05119
-7.95249 -8.61917
-18.35556 -10.27129
-14.44703 -19.95832
-16.24609 -11.68079
-21.83953 -9.18853
-21.48209 4.57909
-17.19089 -2.21786
-18.38545 0.10314
-18.56493 -8.44168
-19.04574 -13.06519
-19.60947 -14.83882
-13.14376 -10.84117
-17.72945 -29.93305
-26.31161 3.40161
-17.42534 3.26038
-20.33141 -13.01339
25.74384 -6.66364
46.92096 1.89367
54.14776 6.37562
33.00552 -2.83853
12.81989 -15.63348
48.98061 2.31512
44.05377 4.72938
17.02672 -11.09446
-19.93659 -0.28051
-16.74746 -10.53059
-16.27774 -0.10161
-19.69045 -2.20864
-17.27470 -5.07320
-20.09696 11.21589
-21.31153 -4.46030
-22.87943 0.56643
-24.64245 22.02734
-25.25945 5.67418
-27.83518 19.50127
-23.89600 -1.19435
-22.59694 -3.96740
-21.60403 11.30890
-22.32169 4.24479
-25.74115 18.83383
-21.56380 4.02228
-23.13228 9.00545
-16.08824 -13.18965
-12.12113 -25.41566
-18.22863 -7.44367
-19.85916 8.15701
-15.43256 -19.81785
-28.64013 17.13029
-23.14930 12.73094
-15.50504 -7.16152
-21.82054 4.98475
-18.16312 -6.62540
-19.19022 -3.63414
-23.86259 12.79201
-13.38732 -22.49712
-16.21161 5.13748
-14.72417 -7.33955
-10.81803 -1.65021
-19.70828 -13.85670
-18.53543 -6.20930
-17.95344 -7.00319
-25.89175 13.26392
-24.52195 10.61259
-9.77026 3.89716
-16.24190 0.57414
-21.31464 -2.47747
-10.51065 -19.77051
-17.52991 -15.14287
-26.00852 3.04861
43.65684 -2.96717
23.59022 -6.51838
32.35076 -4.39185
48.50222 2.86434
52.57357 3.69327
51.64976 7.24905
38.60987 -1.16016
55.45066 4.48874
42.70085 -1.12967
32.56638 -4.49622
11.90440 -14.01718
51.44715 4.31247
50.20573 2.07800
33.91051 -2.13050
-6.07607 -4.40752
23.52380 -9.48939
34.92725 -3.81282
50.03055 2.04939
41.27436 -1.22695
15.09755 -13.28344
54.76713 5.04053
3.56267 6.82154
41.85675 0.14044
17.72543 -13.88673
39.31037 -2.52081
37.28284 1.08120
46.31993 0.19485
38.20223 -0.86042
49.13137 3.64537
53.90812 4.18093
40.09588 -0.71199
52.09304 3.04667
13.88577 11.73301
-21.65405 3.53155
56.18819 2.56606
39.12142 3.23981
34.90104 1.53856
28.68744 0.60521
52.56464 2.74992
3.60462 -18.12173
51.84216 5.24818
49.96104 3.90207
10.46980 -15.73249
30.36740 -9.32491
42.47312 -0.57167
31.17618 -2.71197
28.83759 -4.62908
38.54587 0.89686
50.32857 2.16690
45.60274 0.45201
38.00893 -1.23375
41.23723 7.73207
-13.98958 -28.69138
-17.90531 -28.93270
-16.94586 -25.97453
-15.02509 -27.92788
-16.15337 -31.12786
-15.27001 -30.81027
-14.40153 -26.61759
-15.40017 -29.08411
-17.32762 -31.13620
-11.93339 -27.11826
-16.41577 -29.67854
-14.60821 -29.92013
-14.44559 -28.22958
-17.25199 -27.11586
-17.10285 -31.03376
-13.77828 -30.18070
-18.08190 -29.05033
-17.56601 -29.66993
-15.89830 -32.49905
-14.75060 -31.66207
-16.16526 -28.27013
-14.94314 -27.93286
-18.78108 -21.58529
-17.10554 -30.39650
-13.59037 -28.93573
-15.46887 -30.24579
-15.21323 -26.46659
-18.46830 -25.58374
-16.50574 -28.12757
-15.87891 -24.35254
-17.17142 -28.20552
-17.84489 -27.18328
-16.82007 -27.09523
-14.12356 -28.61225
-13.30877 -28.72753
-16.69382 -30.97079
-14.11830 -29.52403
-16.88277 -29.50695
-14.27364 -29.88814
-15.09006 -30.20952
-15.66124 -30.53595
-13.04048 -27.22606
-14.37806 -26.14691
-11.67713 -28.55133
-13.73578 -29.53397
-19.52494 -29.92751
-16.04084 -27.53721
-15.80825 -28.21965
-14.31327 -26.76105
-16.22170 -28.31133
-16.63327 -29.07383
-14.31007 -27.99449
-13.75931 -30.04648
-14.45007 -24.45660
-17.19011 -24.59192
-18.05605 -23.30091
-13.98567 -30.54227
-15.23994 -28.06030
-16.11782 -30.51188
-12.10610 -29.94671
-14.30580 -26.63378
-15.12064 -30.48548
-12.35162 -28.84768
-13.14784 -31.73592
-17.26060 -23.16706
-16.00245 -30.28123
-15.76140 -31.32832
-14.77941 -28.48251
-14.62331 -30.10617
-16.53468 -26.31987
-17.92279 -27.42373
-15.85039 -29.05893
-14.21437 -28.56084
-14.74042 -27.67642
-16.26315 -31.82419
-13.02048 -29.51041
-15.76144 -30.06368
-16.26976 -28.27499
-14.54664 -28.82872
-13.22512 -23.92762
-14.66294 -30.81822
-16.25008 -28.08984
-10.81124 -33.48136
-15.61569 -28.30788
-15.38435 -28.91724
-16.70629 -29.86817
-16.28406 -28.27515
-14.60352 -25.65613
-15.84184 -32.11606
-14.39400 -26.86205
-16.52348 -26.06499
-15.67823 -29.13170
-15.42315 -30.47788
-15.66089 -29.97861
-15.55041 -28.91094
-15.16407 -27.24338
-13.91555 -27.36797
-9.32516 -26.29095
-13.98942 -23.75947
-15.73237 -26.45099
-16.99618 -22.15400
-15.54028 -26.84866
-13.77050 -28.65723
-15.60461 -28.67845
-13.47599 -33.04780
-16.85996 -30.86304
-18.84736 -24.36716
-15.80730 -9.56660
-17.66216 -8.90457
-15.46715 -5.63219
-12.73397 -3.82928
-16.06799 -8.29867
-15.61791 -7.72478
-18.68025 -9.30019
-12.48920 -7.34716
-13.31778 -9.34326
-16.36033 -8.80963
-15.31182 -15.45354
-12.56803 -0.59289
-12.38694 -3.89898
-15.59977 -11.61101
-13.94997 -9.94895
-16.83684 -10.23684
-14.26271 -8.06253
-12.98420 -7.05727
-16.30608 -5.84262
-14.54266 -6.27920
-14.34756 -13.21016
-15.78920 -11.23257
-11.22337 -6.89704
-16.10628 -10.09203
-19.22258 -9.10506
-15.51811 -5.39594
-12.61617 -6.49797
-14.92913 -13.66025
-17.65365 -12.44724
-16.59154 0.81317
-12.37745 -11.08752
-14.88432 -9.90823
-16.19845 -11.54383
-14.11976 -5.60110
-15.68180 -10.49455
-12.43925 -11.15003
-15.60859 -7.96020
-12.94928 -5.89201
-18.69635 -10.15554
-14.17433 -13.85680
-16.53841 -7.15658
-13.93762 -6.10568
-13.88810 -6.99674
-17.17996 -8.68820
-15.69861 -0.99879
-11.10054 -3.69479
-14.85811 -14.30033
-16.51779 -15.62856
-15.24223 -11.23058
-15.54721 -8.34731
-12.20938 -1.21927
-14.40614 -13.94979
-15.22541 -10.99203
-11.40872 -6.69722
-13.54115 -5.61468
-13.77292 -10.37710
-14.99386 -12.10973
-11.53235 -3.99712
-15.79859 -5.79419
-12.50146 -7.48427
-17.62705 -5.23771
-14.13749 -5.99693
-17.52306 -3.69057
-15.13891 -8.00092
-14.46206 -5.46666
-13.85357 -10.07012
-18.02021 -7.72012
-16.84743 -5.32257
-14.35998 -12.74067
-14.03630 -9.57585
-14.68964 -5.21869
-14.15680 -8.50000
-13.18277 -12.89759
-13.28539 -3.89386
-12.92175 -5.34131
-16.72542 -5.98799
-14.21464 -5.56395
-17.21662 -3.04433
-15.23361 -3.15174
-14.63469 -6.29630
-15.21497 -12.35610
-13.61301 -7.83179
-12.37978 -6.26287
-16.01894 -8.41877
-16.63239 -1.35650
-15.56398 -9.40660
-9.81004 -7.57775
-13.10204 -9.43209
-13.48754 -11.11169
-13.38395 -7.71828
-14.99856 -3.56117
-15.62273 -6.46828
-13.22223 -5.72391
-15.51855 -3.22020
-13.40163 -1.81347
-14.02359 -10.17123
-13.16559 -6.80001
-15.18508 -3.87598
-13.17939 -3.30893
-18.38809 -7.43052
-12.98091 -9.66322
-14.04373 -2.63927
-15.82408 -0.51270
