-892758.67930 -693897.47130
-858035.09525 -730977.58959
-863724.91157 -713292.29695
-854962.58845 -726125.10091
-928553.27783 -669180.27184
-802994.50259 -734484.42665
-819179.95647 -713866.19528
-840939.82340 -729470.44735
-845100.07052 -723112.24535
-802269.77478 -734948.76861
-917413.23392 -675859.12122
-819699.74193 -736697.17668
-856145.37945 -707310.86818
-865154.63505 -708416.35823
-828042.12101 -728931.05029
-862412.60469 -724421.04252
-845763.79538 -722170.12056
-824096.64641 -749545.34769
-871823.48326 -703185.35726
-846564.63623 -721910.61459
-866943.96738 -727801.39142
-830668.24560 -734168.70023
-843880.41752 -720788.73401
-845546.74721 -714119.62548
-872748.18552 -701754.24696
-945462.03164 -676002.27224
-849181.07712 -720109.07212
-864898.89213 -710907.57002
-924042.79326 -678460.21354
-875003.05058 -709558.85580
-845490.60058 -721302.86566
-902541.47781 -688502.28946
-824228.22310 -726570.95107
-842761.89297 -714428.10584
-871771.83813 -718319.71192
-862188.91265 -710472.69162
-810768.46124 -751893.14635
-867314.10743 -719612.87225
-860521.59053 -697994.40602
-826070.02353 -722759.11686
-832740.40199 -723864.22717
-859465.99848 -715684.25157
-824427.28908 -726311.82256
-778555.31506 -772577.32206
-817467.44639 -717990.30279
-826031.03293 -750127.72522
-866452.18800 -712112.34851
-869935.14489 -713141.42877
-823759.24127 -728887.08537
-874566.88957 -724907.57792
-727599.12051 -785988.06585
-850004.44281 -718789.42421
-824767.21129 -729313.57770
-843304.23098 -736193.91763
-877235.97593 -722697.49513
-796834.03876 -730935.89025
-761759.21010 -758250.26000
-915387.94344 -688086.27330
-687455.96831 -797678.26777
-743557.45861 -763093.81327
-827003.58309 -728609.75514
-845819.79289 -709172.13379
-814165.62462 -744780.57150
-770787.32365 -756054.62037
-664968.38118 -839841.36150
-821251.75184 -733373.71956
-759225.81935 -759573.98814
-806161.14584 -758292.20697
-719431.75317 -822559.30134
-741902.01316 -768253.02680
-771329.92826 -771267.06570
-739895.23555 -799988.49387
-818252.14560 -732594.91107
-834368.91056 -744620.02758
-847288.77993 -712687.91207
-852387.47198 -727263.40294
-867839.96577 -696154.29796
-897151.19970 -700029.58440
-822297.17717 -753399.47836
-799917.74736 -740933.39085
-872201.08610 -712312.56239
-806681.15797 -740623.10863
-865733.78018 -704353.60288
-907317.42347 -684868.88712
-862476.05894 -716896.92611
-894101.64435 -693779.94128
-817130.31059 -740874.66087
-871300.79123 -710413.12480
-851572.57214 -718502.68522
-840809.41942 -720951.46484
-868272.62144 -717818.01447
-923528.87367 -683425.65751
-921940.63208 -671844.45111
-843565.11128 -729501.88355
-788028.04582 -766204.25550
-832428.76601 -734574.40961
-845112.48177 -723894.73025
-867485.97247 -713612.51241
-857577.15448 -723019.38645
-847133.61244 -715403.01117
-884961.61680 -708606.16289
-905616.24447 -685816.70197
-873871.31281 -710553.09801
-722048.27561 -816482.63822
-737125.74109 -778534.65370
-699644.89854 -777279.73013
-770855.06565 -753760.45707
-681066.76910 -825776.17928
-620791.23307 -848366.82302
-746287.00009 -770193.94222
-668447.76871 -812245.34461
-695445.88203 -793097.93886
-690333.46747 -775317.91936
-810115.35370 -732142.87039
-822363.89293 -755433.51854
-714946.18914 -778588.01002
-634138.96627 -851331.93475
-667293.65913 -848389.25511
-817077.19310 -743008.76145
-761401.82276 -756028.90660
-650553.68982 -827181.95979
-669783.78293 -783800.99475
-743504.28788 -785814.60673
-796979.27383 -743419.19859
-796746.89023 -741783.94215
-755220.52414 -779508.22661
-786598.48454 -737368.14066
-695623.69270 -799524.52462
-702105.45186 -776879.93031
-761904.59865 -757538.81425
-737962.58278 -760477.46200
-744594.46965 -788080.11614
-696710.08726 -845021.92226
-797826.07856 -734879.67555
-796321.92028 -776559.16003
-661920.15629 -812021.76864
-687790.69713 -790076.74332
-832406.97937 -720576.50979
-784525.40905 -745841.95827
-688019.48131 -803190.71435
-799862.39212 -736453.60273
-776221.36852 -755025.71412
-774890.24947 -760233.61773
-737918.26145 -762266.29441
-687189.43654 -794234.71053
-759110.77388 -754209.74278
-654292.90939 -827623.02807
-838739.04220 -710606.11029
-743729.59507 -792904.74440
-688338.20333 -840419.58511
-690224.42071 -821859.83210
-766026.91757 -742224.34492
-740064.20853 -758559.26830
-828725.93723 -746557.67494
-773230.67129 -772727.84969
-723886.59792 -794640.74631
-769339.51416 -757801.17711
-816288.75213 -743600.36088
-756862.74059 -792759.32046
-667471.96387 -815741.65371
-769441.16737 -753930.25538
-755830.63321 -753102.77711
-705965.33748 -793062.55389
-617410.93839 -849922.11164
-738325.37587 -755176.08335
-851120.99303 -729258.35769
-763659.55831 -752916.03378
-787498.67321 -760674.51463
-779196.43893 -762059.94564
-718510.26003 -769403.56860
-694618.15059 -793705.03671
-918431.33511 -690086.22294
-692808.32213 -780656.81587
-731519.72453 -817158.13368
-745174.69308 -770462.65266
-803625.16613 -743414.49029
-650113.95205 -819280.59304
-791889.66961 -767860.02120
-820063.27263 -738665.93375
-776995.83091 -753789.25508
-770377.74299 -756044.23400
-758375.86054 -778388.79901
-651971.91019 -835981.44807
-649840.48579 -812238.44068
-751986.57404 -761489.20169
2316081.46967 517444.82663
2297854.08075 592490.36812
2308203.37978 548771.53817
2299795.61963 581841.63957
2294756.79131 598390.19121
2306079.11482 563145.55718
2310253.19212 542692.06106
2287688.50083 621740.35455
2297555.61579 592313.29289
2308611.93153 549307.71327
2314877.59517 522466.82416
2304159.04947 574475.90113
2302841.84021 573113.23980
2310383.03087 539040.47408
2308733.99650 550241.23764
2295326.01676 603639.50603
2300873.37901 583272.25166
2314223.75316 517101.64022
2311835.89568 520669.97536
2303887.26106 573607.23741
2311638.99013 534311.91129
2305374.88681 495810.43780
2317913.29952 415193.49143
2304565.77558 569425.41604
2304997.29534 564546.31370
2309558.09603 544597.52131
2304836.75074 564847.48203
2312351.45511 530674.89959
2302805.39461 574102.40049
2308626.95296 552482.59419
2298018.06079 593822.82331
2317609.35151 502194.50515
2302918.01134 576667.61457
2309544.86257 554402.37124
2300003.24711 584133.88749
2311485.65867 536082.71952
2307596.27934 556974.07169
2314892.76926 518585.82212
2299862.44833 580080.46552
2300904.06520 579646.34859
2305308.13036 564154.36760
2317130.90401 452042.92406
-1180100.71730 -583360.12971
-1655643.56012 24623.18504
-1037652.24543 -628021.67423
2310457.36603 547835.89915
2312365.26439 540401.49789
2307206.98263 554931.04776
2306149.54177 551432.56905
2299239.70168 588688.71119
2299069.89468 590201.88124
2298123.85472 591696.61150
2298076.54968 587892.81123
2311735.25849 531468.92713
2309522.86743 548550.46166
2308809.62502 549632.47924
2298951.03690 590282.95792
2295630.88136 600940.29801
2306248.45350 556778.08265
2316605.57129 514616.85482
2307478.46892 555751.96881
2298421.24341 591032.22591
2300740.72965 582204.90961
2302136.45150 579265.42631
2303899.75359 572906.97552
2301301.35568 580971.84997
2302444.47482 572702.93162
2307675.54388 555353.51330
2303948.57228 565773.52349
2309765.70091 548811.24038
2314018.05799 528380.21215
2306123.47263 558736.81039
2301722.79233 576190.09428
2315180.14649 519548.88257
2307454.68408 554145.16697
2315330.59474 519690.26413
2297852.16175 593941.53432
2309855.43222 537656.85978
2311811.93901 542024.94745
2315083.74401 518208.04414
-868701.01943 -722759.79385
-1083368.80281 -630295.54668
-1048576.83073 -657539.56988
-1038255.81436 -644586.56399
2298132.09369 593872.69339
2314063.23688 517877.78319
2311680.33335 539305.49610
2307208.11666 546082.34124
2299019.10107 588750.47055
2307619.09477 552913.52630
2305995.15664 560866.36092
2312660.82935 531002.03758
2302809.95470 574547.79322
2305305.44768 564320.78852
2307990.02330 554732.58049
2317236.16428 508702.48196
2310575.00793 545790.32191
2317384.97794 513268.94081
2308469.46939 552719.91576
2309090.36260 549573.52934
2303723.56321 570614.47600
2291660.58009 608060.33052
2316755.00268 512710.34778
2308101.00576 543368.52217
2295414.61772 599285.08634
2304177.43891 571163.22778
2306134.16383 562954.97756
2302873.17714 575713.89052
2307120.45616 558799.96900
2309532.38663 551434.14867
2307761.36431 556342.37932
2303348.17950 574365.67822
-938801.22420 -680226.88390
-962026.18471 -694463.63189
-934517.09193 -668928.76624
-921672.87321 -669800.26773
-838124.65902 -723748.09871
-879115.36826 -707402.98809
-872256.23204 -741887.04066
-862466.78136 -722086.08402
-1070893.24863 -663707.69837
2311863.92604 536747.63654
2319183.05730 476332.99776
2315096.80956 520482.49432
2311652.34755 525472.02931
2309463.66102 548958.55857
2313545.68274 530923.10544
2311012.44558 548026.53695
2314884.13431 522590.35719
2313057.42696 527953.70480
2313630.38762 530398.10312
2313744.94530 529312.85713
2311108.54581 545160.36396
2311749.38572 540340.48762
2310110.08012 543928.22319
2310658.27396 542577.93007
-927787.24958 -694408.48189
-994770.07743 -690938.35647
-1290228.03522 -501095.09903
-1158096.33053 -609450.84192
-1037873.92957 -656228.33688
-1162364.28220 -600991.37351
-863413.15431 -717090.75063
-1060010.94690 -675381.09179
-1022687.81229 -654226.09349
-964922.63874 -711029.41754
-1122126.13895 -623671.45149
-1025388.48052 -656224.28623
-893979.86233 -707814.79177
-1178531.31357 -562644.54687
-1037416.23869 -641241.00692
-1106337.31336 -612138.07805
-1041966.48154 -636943.45034
-906305.46425 -696886.69561
-970581.43175 -690776.69117
-1641259.73899 135276.62251
-1010983.20559 -634829.23697
-1049184.41149 -641791.53014
-1217110.99648 -534519.53063
-1058080.33721 -647845.97124
-1001794.74435 -682432.46206
-1054383.28886 -663162.05854
-1019095.55789 -667121.50627
-979262.60314 -681127.25480
-1577684.97286 -246194.37166
-1109198.44074 -619740.71366
-1059192.07337 -659414.14926
-871809.93018 -752469.70647
-1030818.14429 -665121.82506
-1070156.61462 -645886.33249
-1060164.34930 -643970.11532
-1001026.99504 -658661.78622
-1176706.16860 -529814.44828
-1635366.20056 -71262.86031
-1498098.96708 607560.42874
-678127.39258 -829757.88471
-1046232.35087 -668502.69611
-861405.66317 -715562.43180
-908746.12959 -747444.88558
-893780.39293 -699040.45662
-987560.01217 -685743.70691
-1076385.62628 -633294.66723
-886760.24876 -699575.94166
-1390500.09862 -280325.33369
-1035311.46210 -659617.24472
-1055198.76103 -650285.58341
-1060595.25510 -654796.80345
-1200103.42668 -542775.11476
-921872.08067 -717882.57581
-956969.32165 -577206.16606
-1387759.31568 -412921.84098
-1009232.67428 -673108.19827
-1297778.80999 -515027.77103
-1079796.88297 -532361.29189
-1080642.81476 -628616.80822
-1095434.97279 -648621.41069
-1014485.81535 -646456.63914
-1044056.94549 -658989.53999
-1327703.09420 -494108.52698
-912526.74588 -716769.85376
-993296.57992 -670476.80404
-1090890.95395 -633696.49345
-948003.57228 -678010.58794
-1117038.39784 -595788.58254
-970263.66546 -701445.30781
-960325.15606 -687342.26085
-867066.61131 -769439.56160
-1261708.15507 -498259.43521
-1442933.00987 -380119.55146
-1161253.43822 -520224.75516
-949472.11828 -705483.64973
-1161821.97455 -576788.36870
-955039.47947 -688259.56393
-1087184.87645 -636415.66930
-988982.87785 -689782.14839
-1056431.51813 -670788.82574
-1072124.01809 -620910.57541
-1635150.03256 217963.81394
-1531303.49353 -301595.84801
-1158908.19472 -586083.06967
-1021890.72401 -682450.29961
-1042392.95009 -680491.63189
-985848.71482 -676024.28186
-1099503.36405 -618003.92631
-1147295.44480 -450161.67545
-1124821.55387 -632126.08358
-1099110.11158 -633769.97831
-950799.33445 -711681.42142
-1131627.00443 -450566.17700
-1065588.32259 -655273.40702
-954789.10602 -704353.22783
-1108509.96386 -643025.78387
-859933.77893 -718624.41477
-1118381.92535 -502861.95043
-1026622.47708 -685363.07151
-1042806.40843 -624394.48398
-883764.31189 -709087.77228
-1485684.46872 -326396.53394
-1150473.36997 -602470.81983
-992339.23341 -711157.66524
-1172600.68323 -599693.17837
-1477924.13139 -360269.12366
-838866.12797 -722153.73731
-1007463.97450 -685117.01971
-926127.74584 -714829.98939
-1059728.47741 -648035.93203
-1228230.81000 -543604.73939
-852488.45011 -729936.77054
-1106884.75884 -668887.15830
-1623127.84042 -40908.66619
-1083441.54040 -605006.54937
-1041343.57015 -655339.83509
-1068313.06446 -620324.50156
-1014212.66393 -657318.01664
-878040.34440 -747383.77700
-983971.95403 -683326.45869
-944681.03847 -689546.85411
-1042162.99418 -668423.68253
-988076.41763 -688500.83276
-1066356.50646 -647215.05153
-961492.03408 -695294.92787
-1032650.98348 -681053.73490
-1033747.98652 -675694.13372
-1395541.98254 -356528.94310
-876902.51447 -705227.48681
-1021660.13353 -679711.26316
-1065106.85039 -676807.63656
-1113724.71858 -609944.46896
-920233.16065 -727699.75063
-1060624.76854 -655913.92517
-1034669.88658 -632114.95368
-982087.40133 -721563.86880
-1169522.38176 -591260.94224
-1002322.51023 -674733.98619
-1095677.76293 -646401.92481
-985940.64715 -702608.66316
-1054707.35738 -622659.26127
-998877.59350 -683707.23626
-1224921.26234 -548395.31120
-1002021.81237 -650586.57736
-1148594.08714 -578839.35395
-1105402.77879 -593974.26514
-927100.06331 -709995.74148
-970259.31858 -705786.03127
-1210674.32445 -589961.83971
-1057470.46480 -651776.18030
-979752.79752 -703012.47953
-1052123.41507 -663677.97276
-965464.06957 -493814.78926
-1002245.42935 -672333.12169
-875902.30968 -709262.12198
-1337648.68215 -488525.98177
-1018746.07022 -641325.74383
-1041381.42335 -604629.55102
-1036192.90184 -603819.27535
-1473557.49098 -366686.61013
-1109259.89612 -573581.20326
-1393400.03350 -440178.61670
-1130127.73153 -588556.60387
-1573906.43841 -175966.95209
-1633754.67328 3176.89880
-1128636.98915 -578888.59454
-913409.43838 -735260.72281
-922335.82724 -705731.33761
-1001239.69423 -687539.38097
-969722.07939 -703889.24214
-1647774.39304 155893.69548
-1070690.56065 -375780.51085
-1271314.47710 -537302.73374
-956679.84937 -698866.90352
-1043072.35177 -660693.15155
-944352.08250 -701135.74820
-1024297.45860 -669098.03061
-1220048.54066 -521531.71948
-1012576.54315 -701613.32243
-1093996.62917 -536567.73102
-879624.19596 -701282.46741
-870847.64481 -713254.63402
-838292.90114 -720141.21650
-849004.65823 -707929.88762
-918311.79018 -669911.87309
-830711.15791 -725697.10312
-910780.12348 -689494.17888
-887056.74023 -711657.42705
-888121.67361 -723352.21065
-882835.44910 -705743.68881
-888891.92304 -705196.98020
-812131.96852 -740183.70038
-826144.98283 -730717.09087
-880132.41998 -702605.93466
-837490.64938 -719090.41140
-893954.29521 -714952.53955
-862870.64441 -715512.17559
-901802.28746 -699352.82015
-913901.56989 -714635.26681
-891369.37052 -691467.75738
-899066.06009 -692316.79210
-915406.16068 -686593.83491
-822801.86927 -739289.32482
-884262.44611 -708630.76946
-995595.82414 -696619.02117
-1280748.37292 -392665.62896
-1370498.24302 -434806.73660
-966814.03876 -459443.28964
-1089867.75294 -405927.37443
-894823.46592 -425658.09230
-627217.59015 -304199.32026
-1162958.02870 -614003.46877
-1025753.56677 -409599.15512
878583.63642 -851807.27249
856536.59287 -862206.67622
813464.28331 -877944.65951
754089.57569 -892421.45115
2315087.77012 522003.59732
2315861.75807 513346.93601
2312255.50769 535632.18018
2313239.06805 532522.57375
2308332.11224 555415.09953
2314398.97390 524454.45351
-868486.92937 -734053.36583
-840223.66879 -719235.75872
-902009.54066 -694713.82022
-849907.75070 -714472.87711
-902970.16407 -710374.43694
-936517.13241 -677759.96993
-883590.60762 -701755.87190
-879144.79394 -711504.77500
-820423.08506 -725064.44894
-868544.62004 -713429.37721
-904772.71094 -690559.03965
-833508.28835 -721240.81093
-911738.59600 -696423.93415
-860256.93932 -711250.19571
-964795.87305 -668319.36841
-880219.32693 -704518.74179
-854412.88751 -704411.22440
-1029697.32730 -633942.48490
-863789.40840 -716959.05361
-874753.52923 -711155.18534
-868184.54571 -700182.27778
-914016.26776 -685528.59884
-920449.94278 -675556.71032
-1228714.09529 -546205.99237
-871957.29093 -696477.71323
-863219.36566 -712945.88760
-852861.61164 -705551.62486
-857032.43347 -718589.77821
-827255.45082 -750080.69364
-895116.11920 -707927.53103
-868034.32146 -720370.29377
-835824.58163 -739534.35929
-872926.27423 -701319.94791
-900749.20606 -690466.58864
-847726.19603 -716743.98482
-876150.00315 -701901.03109
-895341.45669 -696358.72319
-840794.13680 -722413.22603
-885462.67269 -692517.20651
-1023598.80847 -637358.73985
-872804.82562 -702144.01175
-894956.32725 -689177.68487
-862608.68079 -712055.89608
-906481.84606 -684598.76569
-910004.35907 -705632.95254
-884753.23783 -696764.46728
-931265.39359 -673243.91739
-895040.76673 -691279.20272
-841464.28165 -727759.71898
-873607.56164 -709006.67327
-900060.82729 -704020.42220
-915067.39274 -683298.01712
-914245.40588 -682267.72415
-856094.19922 -701029.16832
-916318.95766 -689761.99061
-822900.75979 -732451.47389
-863474.22020 -705771.62364
-908837.47624 -685004.53365
-899594.45294 -714008.27087
-837828.46832 -736245.69751
-890912.83140 -705713.60465
-1058466.40263 -595584.73608
-906724.05859 -699120.36191
-874403.27646 -718979.01111
-883851.05565 -717835.82513
-816821.82693 -744211.34246
-843180.30687 -706428.91835
-878069.88603 -723260.29999
-881733.19288 -702179.60679
-832299.85521 -716461.46164
-858503.02164 -716216.93417
-859426.83079 -726127.63223
-859152.90445 -725043.74261
2315299.46775 518871.34228
2312573.99768 531061.01826
2306968.07458 556893.00663
2321465.40939 474365.05809
2315891.37821 513479.20886
2310996.47787 545447.01410
2311064.68748 540073.55141
2319503.66381 469846.15467
2308559.69942 553109.82266
2313755.06539 528459.67703
2320041.06234 489894.97201
2309695.13448 542797.64093
2312151.31139 532918.89809
2308050.09207 556113.12662
2317076.03433 507564.85437
2310189.32620 544149.75379
2306989.04284 554917.49485
2304600.52707 324631.02925
2309833.91072 550077.32582
2314039.62249 526987.11131
2315767.83996 517201.07335
2316675.64911 511536.40088
2313080.00531 532631.04235
2318221.31280 513407.33541
2318209.53527 352790.44106
2317110.14758 515320.08447
2322570.69898 489460.22030
2315316.53444 457290.08551
2315119.81505 489137.06601
2312065.50386 539334.21434
2309872.13729 543488.03737
2317576.32136 504250.97453
2313870.91677 532924.06047
2317386.64682 494034.95467
2313269.22641 537618.63858
2313219.81703 531447.06315
2314639.61505 356788.07674
2300945.21740 583441.67751
2311424.07858 540020.90697
2310994.02092 547575.94560
2308464.98091 554633.30375
2318896.03608 506441.68569
2311828.40154 544104.99615
2313650.17867 527259.35128
2301641.40535 571330.97828
2309857.50620 544553.10751
2310365.69027 543335.17151
2311541.70523 542648.10558
2318119.18749 495920.48617
2319722.23370 452496.81771
2316983.44617 510035.32905
2311318.82034 540512.60947
2310627.16427 540687.41911
2316548.46519 514019.74367
2319641.72751 439097.37191
2310649.94752 542917.16409
-1478199.36684 675399.39063
-1542394.40261 569897.25042
-1402740.59550 845023.65000
-1381792.58449 855339.58483
-1487959.50832 652096.80589
-1350310.08432 921452.63237
-1377829.12043 879879.91137
-1363720.72250 890071.76542
-1098246.70785 -587769.84991
-1189839.09000 -455161.53105
-1354435.24973 914051.65591
-1363630.73105 899706.74505
-1507630.21607 567693.34581
-1397266.27115 843536.46997
-1376938.06629 877961.58923
-517572.12743 -245664.34235
-858483.60335 -394272.98121
-561278.82755 -287782.50556
-1070706.78539 -411726.70432
-576515.86070 -290147.27346
-1146226.42270 -376812.90930
-550347.00460 -277836.00348
-751651.96200 -368101.94027
-871596.99152 -447101.07567
-1065561.44005 -368275.15160
-517307.47720 -257207.44996
-989173.85910 -374215.21371
-530091.86814 -289106.53363
-662569.48117 -274505.91281
-637488.61476 -300029.48580
-624088.17639 -322555.24847
2319915.50271 486191.09437
-833374.62039 -517174.64769
-963702.79939 -446024.30631
-1583377.04480 -92400.85437
-655884.58059 -301385.23603
-659312.89220 -305339.18947
-550806.19465 -286464.37454
-608146.32001 -288257.84711
-1411748.05443 812183.71412
-1587234.64977 327486.48956
-499885.21769 -267106.32860
-964675.00003 -466864.42359
-664218.30167 -344629.87446
-591633.40266 -297345.26835
-899892.95757 -440158.53927
-1447977.15375 -240326.69627
-565646.74370 -286471.89910
-672063.30462 -296783.74792
-1000484.17557 -542157.70422
-799577.18585 -361188.17677
-693054.87692 -399713.51051
-772075.87740 -284935.62552
-610830.71103 -296672.04338
-1379844.11078 873235.93217
-1387327.64520 868491.04406
-1624792.53822 323608.47860
-1631121.54078 269017.80308
-1472791.07309 648589.46408
-899624.04108 -447155.79696
-862812.42961 -336414.52204
-767601.42628 -356225.52668
-633347.97525 -292189.28281
-686776.26853 -400396.38301
-1059085.76622 -504642.41635
-624653.70431 -289115.10910
-1398178.16271 838312.38450
-1370375.69911 889922.58757
-1400235.05142 843946.51794
-1368091.75268 895739.14509
-1349712.79867 915224.46850
2282602.21148 267608.93589
2322380.16656 459619.85039
2309398.11877 538696.10050
2314258.51414 526642.28109
2310122.25755 546501.67295
2308852.76785 552060.38053
2311445.26602 537274.77529
2317986.98421 449723.92238
2311046.98306 373969.64471
2312646.67173 536106.53106
2313704.50680 525605.62423
2315961.72888 491005.44780
2311115.49237 493697.12063
2319590.05598 479545.51244
2314383.05271 527555.83607
2321134.29860 488248.25741
2306629.63458 557945.73348
-1358931.95539 905852.79768
-1359628.99494 871096.95865
-1354430.06388 911749.61806
-1412345.86535 820550.19690
2309805.26885 544037.06925
2316548.85972 389333.12009
2318574.16038 506532.01321
2310482.98170 543184.81972
2318257.36673 500783.44294
2313105.82039 532612.05567
2319086.75313 489878.82140
2319954.47628 470072.47672
2309699.69138 547859.55879
2306427.96772 563586.24540
2311102.86305 540230.28911
2312004.56388 536813.28484
2312544.69903 535863.88127
2310670.89577 542578.52029
2309932.18415 547384.38556
2306338.06579 561301.33164
2313808.58851 522765.07155
2321037.24190 479071.36899
2317569.43096 462088.00180
2320996.37923 447659.66173
2318357.94243 514869.85855
-940650.34885 -578748.34566
-953549.16359 -448667.16352
-1362036.97461 905065.06669
-625326.99827 -353603.59564
-602386.17462 -296263.50647
-654037.44820 -301572.94469
-1339741.33390 925064.07254
-1562665.08385 462621.31309
-1402290.46795 828056.78292
2319924.07982 500112.01838
2307951.02044 556426.96225
2308694.29264 550652.10204
2311351.00050 539094.95957
2312986.01589 532319.34507
2314586.89362 522850.67037
2315228.57356 520769.67341
2314999.06661 524908.77258
2319725.55286 451462.86257
2312322.63837 526277.24315
2313214.67147 529366.14672
2304056.78284 572098.99565
2314554.14408 528732.82767
2319901.74420 358843.58261
2316478.64128 507910.75005
2310839.40671 543271.57449
2313402.31803 529744.58986
-1391475.40535 852930.02168
-1356813.14627 899814.58908
-596096.19029 -338836.43439
-599496.31207 -282858.85994
-495713.04264 -266197.93179
2314605.51605 451021.62485
2310543.09335 531157.65511
2310488.89482 540022.66210
2309774.44379 547726.26502
2307011.16001 558937.55552
2307398.38065 557221.49638
2312557.26127 538658.44571
2311684.68747 539356.91765
2313841.31907 531001.81724
2314772.75767 519954.51765
2308664.77452 544665.70238
2312199.60741 534307.11603
2315625.07248 520599.96523
2304522.90106 567289.93392
2312382.74829 534179.66792
2314247.98081 511041.27479
2314701.59805 505451.52429
2312842.02188 417111.31435
2310919.69697 544031.89846
2308156.19537 554803.29801
-836332.65665 -749699.44207
-900824.41849 -688152.62047
-842948.15034 -707178.70969
-857812.36604 -727983.64692
-897783.36115 -706320.91345
-881194.35830 -698550.25058
-890284.95026 -709615.91020
-891032.79709 -702606.09463
-890145.30348 -694703.40373
-848891.04792 -724006.20819
-849642.41114 -734350.83193
-924297.70271 -688496.83958
-831207.69795 -718579.70048
-859460.83423 -720522.46670
2316319.36199 480368.70996
-658535.71598 -312197.30140
-1082942.50478 -475315.03839
-1488572.75672 632561.25356
-1400567.18574 840930.92383
-487231.13059 -260594.30079
-676700.87283 -350628.56810
-793213.57227 -347921.96298
-584161.82690 -290754.33013
-902239.67851 -400154.28257
-547607.01711 -281345.78092
-544542.18411 -283604.73426
-1321549.02930 -350544.96342
-630945.27223 -333347.26789
-1133913.62720 -542765.48746
-602852.88400 -285903.88080
-1334083.52313 939189.09316
-910681.46846 -684508.09553
-1500613.30033 600106.99530
-1507468.35471 626036.28627
-607388.31942 -306866.26723
-1055906.12994 -429151.05953
-543393.35947 -287647.88129
-549733.86396 -285245.27530
-1011608.94655 -618638.76832
-711954.47810 -340050.44233
-732557.77227 -334659.88613
-945259.15015 -522956.72175
-1387521.75260 849980.15151
-1345567.87909 926198.81863
-1423206.29104 775648.91521
-1018097.45325 -486861.77655
-1525223.11273 547539.26191
-1395225.76215 850563.52021
-1560791.88121 446931.26910
-1351662.79232 918098.35685
-1327770.70231 932390.37122
-1358088.05758 896764.61883
-1307176.74271 970727.44423
-1373538.95031 890883.47207
-1383084.51409 866207.05451
-1500189.68918 640642.08139
-1623079.86567 284668.58192
-1382703.72145 874796.50220
-1425733.36191 787962.17123
-905686.95411 -447270.90175
-635435.52832 -338367.45110
2313817.46636 525776.71749
2325580.64300 474265.12712
2314067.99381 527167.04023
2307856.24891 553132.52444
2318141.36277 511031.04638
2314294.24741 523659.47759
2312405.81876 533605.94922
2312249.04674 536824.85275
2311576.49961 538020.40944
2315547.20314 519315.29991
2308613.84349 548530.97167
2327130.65733 412450.20490
2304430.65820 565335.85089
2310824.54607 544270.84107
2315949.49875 517270.09566
2318239.68372 506020.59818
2315730.89207 523446.79678
2323890.63679 442068.41045
2311789.90536 533551.09579
2313033.00321 522031.47619
2318663.22940 496805.65996
2315833.60126 516310.66146
2315495.48893 517534.49527
2299824.94236 587508.91981
2312785.46161 529309.22674
2312081.38610 540129.18217
2290707.50025 291516.24724
2307417.39727 558037.05300
2313326.02457 401724.19150
2304282.38531 569583.53489
2310671.10103 538856.15745
2318863.74493 490008.31456
2315287.12466 518042.55996
2310730.60412 541334.05562
2309056.49466 549751.68755
-1635950.14024 276107.62525
-1650619.78654 57929.44947
-816316.63230 -424211.47025
-1607179.65280 421858.56923
-1403029.13442 852850.33619
-1347986.64387 915235.75532
-1364237.61226 899628.21075
-1458159.27760 733170.18252
-1610661.43414 361453.90598
-1421300.40791 797479.48919
-1553352.66136 430295.93175
-1359394.47282 897540.84105
-1337156.77423 919338.89152
-1320709.62876 937023.30725
-1301624.32179 961589.18773
-1335643.58447 913537.99279
-1393563.35001 844263.87522
-1398667.93626 849322.83453
-1344579.91006 917778.83846
-1578279.37921 439982.74695
-1407690.96195 849153.62431
-1486327.54357 656774.23911
-1368589.30305 894893.73309
-1457261.77128 695013.60291
-1301674.62111 982655.11942
371177.62537 -919974.37542
881428.88496 -848115.20473
770740.20045 -858047.72909
715257.42595 -888955.85331
-1336567.65843 930771.14625
-1340066.41005 933277.66800
-1351231.38681 918191.51911
-1369477.31513 895608.84679
-1626237.90479 302514.73386
-1413426.67786 844665.52627
-1405920.10619 830197.00508
2310711.15914 492178.98586
2312853.03572 533162.42730
2315242.32880 476542.56552
2314885.10638 523503.16268
-1646835.86814 220527.98501
-1347035.07854 927746.35845
-1484796.03648 683195.62299
-1389713.93588 863138.25700
-1356901.33668 902500.02349
-1410332.77751 806485.45468
-1418867.58882 793405.67846
-1596701.17915 414445.44570
-1359117.44982 908378.40334
-1413961.37500 831146.80289
-1277048.16959 987537.43400
-1304455.12478 956060.81518
-1330388.51819 928507.24075
-1361179.75736 876325.82973
-1349670.84736 898345.88315
-1376195.09279 843638.20947
-1319102.12138 941809.11016
-1441920.14485 773040.09743
-1593157.32525 343881.52685
-1304781.50428 960475.31917
-1328728.12060 926585.83345
-1285496.31920 978284.21814
-1273225.42211 996433.53730
-1391843.27468 840272.53711
-1333206.75123 929550.40722
-1308512.41217 950817.90709
-1339923.50992 918207.65705
816675.57677 -870900.75558
816331.46162 -886073.51761
850366.95870 -855085.17748
840821.89416 -870857.13297
771391.00996 -887720.89023
-1332548.96168 917196.75159
-1277490.53682 989915.13937
-1289589.40579 975467.16454
-1305338.06133 954040.33876
-1368291.53677 861838.71034
-1327787.10099 930401.98375
-1303498.20770 970050.83459
-1312558.18585 946797.51946
-1329482.21382 933233.64817
-1341400.50954 913870.33132
-1324103.74231 940830.14158
-1367220.22310 885608.40658
-1310510.95110 948492.87611
-1381216.60567 837640.16569
-1356311.32528 881999.91939
-1252905.51302 1012749.83363
621110.86460 -914015.08833
912268.82701 -845158.61417
862517.73654 -853745.32130
793730.52480 -901153.44382
745496.99055 -889712.93999
590668.35532 -925790.67279
805805.72727 -878792.73419
901621.94478 -848931.95041
714487.75369 -884720.05104
878332.53002 -838211.33972
-1297323.99775 964869.83980
-1309537.50243 958164.86567
-1292215.47018 970337.49328
-1350473.75674 885472.85780
-1289509.78643 977193.18157
-1297703.94499 969088.95691
869717.13078 -852134.83289
363502.91441 -919067.40007
947323.10727 -837804.89920
654006.26267 -929330.21013
882997.40069 -851921.31184
905706.72491 -836016.85088
768253.15995 -892216.73982
655367.21295 -841873.74694
564592.67517 -897151.31564
1001431.39985 -834489.24056
824158.31484 -830172.48074
749364.36445 -909666.13847
804352.89884 -868674.59471
-1258734.90980 1005464.39219
-1307279.81582 949601.78557
-1338013.65939 913811.92746
-1392664.31919 840746.41312
-1349835.42959 902264.52466
-1314982.61261 949570.33750
923975.35158 -836413.97551
964161.75757 -824269.95554
864594.17201 -853084.36890
898416.08435 -844084.68983
850327.35621 -863124.54160
967846.27732 -832900.53619
693103.38835 -885475.92894
786780.40395 -878759.50263
920493.88509 -840204.35891
-1291550.13957 962500.07369
-1270213.14373 994230.01897
-1357091.88366 883001.22071
-1381991.75929 864553.21894
-1309494.20006 953403.21680
-1334760.95964 933451.30271
-1381803.16481 852925.17990
-1360315.74637 897440.86566
-1310568.59065 944087.25347
793968.85158 -880549.37472
932601.43326 -831558.34765
927060.36050 -843714.07821
924133.33286 -835898.95638
882303.91685 -850232.78068
911054.09729 -838207.78906
893643.80695 -840126.37876
789199.64062 -872553.71056
874402.95743 -845862.48756
888682.09492 -849461.48059
895477.46772 -842072.13812
907889.98443 -838759.48968
-1257599.87595 1008512.60196
-1352388.19950 915363.67988
-1301941.02140 965279.75285
-1342768.07222 919709.61631
-1468115.33463 694728.32298
-1279977.51951 991895.65284
-1368340.68728 886595.22836
-1277931.97001 987711.50252
-1310259.74238 949401.92062
-1265938.43043 1000237.82798
-1302548.65788 955907.38906
-1348397.54651 898358.61808
-1335654.65716 923104.63669
-1314753.13714 950794.81167
-1330877.22201 917650.92911
-1290501.15449 973948.07036
-1303365.59978 958199.53753
-1356657.00438 902969.10533
-1308549.70723 954741.22641
-1337312.52740 922939.97997
-1271922.08951 988986.24814
-1313532.32956 948531.76320
-1288479.80878 980245.37363
-1276769.27442 989814.29470
-1330420.15338 934991.42924
-1379200.61354 861100.81566
-1296931.68017 970693.64304
-1293529.79814 967226.18352
-1359538.18226 886377.98221
-1343653.88742 903581.25429
-1335382.32840 919915.11369
-1364186.35305 876155.93465
-1352976.58811 886493.36445
-1330069.44785 931689.21846
-1279497.55127 987934.31393
-1418077.60287 770025.12536
-1283000.04044 983701.52361
-1322349.83047 957069.28957
-1355037.30704 915267.30632
-1369152.72137 886171.10259
-1376638.51054 879992.95850
-1352517.18386 916679.38441
-1375800.82204 885973.54354
-1364351.05506 892849.18915
-1381099.30550 866562.18948
-1365855.13577 903034.66348
-1354779.27869 912678.07717
-1350322.61394 924066.71756
-1372532.39911 894709.69098
-1384002.99244 866168.49991
-1336108.72606 939583.64564
-1365339.64451 904685.11253
-1368163.91395 892689.23676
-1337145.75481 940695.92769
-1373044.17268 885840.05656
-1339013.16319 938036.40854
-1312905.36264 950062.72570
-1300108.34204 961994.04459
870274.20260 -852913.63583
848813.80514 -829602.35725
799839.59476 -872638.57928
904460.19525 -839952.97537
884564.16326 -853169.82884
922608.41518 -838999.53326
882610.87671 -845565.66992
920784.66638 -835589.52314
911496.12794 -835236.23683
878780.35260 -848940.20590
-1394182.91852 844519.43853
-1345163.75102 912836.73720
-1323783.12730 935097.80903
-1312978.06894 957115.15392
-1352131.63989 908147.40378
-1359477.20994 900043.30164
-1358939.21984 893044.91060
-1417631.08056 791526.80063
-1379876.16489 865596.33746
-1347354.41159 902226.62129
-1320533.95338 952320.05757
-1290806.63350 989377.99163
-1328961.60166 935083.74973
-1300097.08156 975549.12798
-1382301.66818 860977.10545
-1381884.13736 861165.28548
-1378131.21221 871491.46261
-1341021.98005 924190.40235
-1341712.79535 911018.00952
-1338298.48435 930181.92116
-1322430.28296 948790.79173
-1338921.15557 932505.03282
-1289349.78680 982178.82010
-1301232.05956 964997.92281
-1301977.87387 961650.13669
-1340111.24122 928966.45490
-1307406.51098 957136.26206
-1311512.20703 947600.62694
-1345234.71106 921645.80757
-1360285.31051 900812.01793
-1359452.23623 876891.59090
-1393978.80721 849144.96682
-1333725.95968 942553.19816
-1369238.67155 887458.98497
-1344591.66566 910900.05137
-1354262.62336 905387.91754
-1261853.13656 1015307.53649
-1367239.51939 896346.85139
-1417149.99988 810506.08019
-1350630.23309 920867.39529
-1328224.06934 949402.37349
-1376039.43636 874025.92276
-1334504.22239 941930.89313
-1346851.89260 925901.47625
-1368780.62864 890910.43557
-1364083.08306 899093.43442
-1377259.04589 879997.90690
-1364223.05540 888723.03715
-1398282.56603 847988.47783
-1379051.87770 874841.35142
-1383616.75499 865048.68746
-1354337.20452 915900.58153
-1333186.70647 941766.62182
-1408344.03788 830965.14438
-1357335.44487 909561.26553
-1410299.57368 818140.20928
-1400310.21834 849703.09888
-1358758.98857 905439.74759
-1320372.78901 958806.19592
-1334246.77340 941902.64235
-1340587.69509 932871.76706
-1357342.83535 908111.36854
-1377966.28470 878100.41542
-1387396.99079 864856.71846
-1337042.74422 936090.49297
-1356209.90688 911931.77283
-1358464.54878 909161.36297
-1330471.76613 947024.65231
-1329973.90442 942360.57705
-1387919.03299 849027.08693
-1338954.32132 938216.83392
-1352073.98601 912937.52693
-1330193.54174 943193.02948
-1363209.33124 904672.33598
-1345146.82386 919648.99931
-1369237.27418 893545.56546
-1394795.14736 855322.17279
-1350089.95907 915272.87382
-1349416.86795 922073.24230
-1372316.86591 883922.98928
-1325846.68903 944737.61986
-1329988.59821 936346.53828
-1339845.60182 929992.91925
-1319117.09904 944961.45914
917452.00241 -838190.00069
904728.77369 -848147.79818
964122.52179 -842421.82601
909430.65018 -852519.88588
812946.95068 -873889.25266
495188.28309 -919109.68089
-1258258.50455 1010565.82173
-1261866.72807 1004874.24956
-1298992.08883 964810.95618
-1281499.42768 988675.74408
-1344583.73162 914165.10405
-1279655.10475 993899.61097
-1349347.11548 919861.87288
-1311867.14465 969098.01349
-1350795.88561 920597.74872
-1383190.20915 875628.25790
-1330848.53291 945723.49968
-1369282.28925 891418.48281
-1372437.86301 885679.55643
-1345976.06150 921126.88325
-1347547.43770 925013.33219
-1365295.87871 906389.69335
-1404959.71798 822039.19300
-1386290.50354 862391.92175
-1391274.45266 856225.67352
-1362470.97098 904354.19727
-1343851.97732 930963.47730
-1376605.30717 877119.40102
-1361685.51528 901613.48062
-1370083.09555 892310.95232
-1400461.77970 841199.60039
-1379893.88476 877359.06738
-1330476.11690 947105.00790
-1327594.89346 940940.51471
-1363294.76113 901037.07222
-1346656.25110 922930.44399
-1313784.80259 968274.29915
-1356191.10976 910691.29513
-1380520.20263 877131.01145
-1386737.77790 853744.88954
-1336602.10371 938271.01756
-1348476.00692 908989.93351
-1365133.19572 899853.44123
-1400325.74810 851142.46940
-1345228.12608 923436.41209
-1323772.27037 940003.09158
-1340139.67097 916170.62067
-1315318.44137 958919.22509
-1324119.15351 949386.91649
-1358628.11493 880269.71761
-1338882.34913 933371.19099
-1371420.71113 883674.51520
-1337035.07024 923471.69791
-1310851.86651 960898.91243
-1314168.05097 945076.14604
-1310623.06241 952688.46326
-1337807.12689 921177.03243
-1389214.61132 849500.59170
-1332717.52877 936516.31608
-1325656.68013 934316.86852
-1337785.96505 932842.67883
-1309929.39571 964104.14832
-1297714.53439 960778.33142
-1299655.78485 968077.48800
-1405157.92059 827282.17511
-1347473.51234 912018.83889
-1307502.03799 967401.39544
-1344643.91739 897770.81633
-1332996.92533 932948.04296
-1373680.28656 858170.13298
-1360805.61206 883233.56980
-1302675.76161 964361.43582
-1332483.95741 928030.64333
-1370896.78578 888092.47639
-1313609.34802 956700.60601
-1359566.07357 901964.83960
-1291218.05499 967482.54014
-1338700.62631 923636.75466
-1301197.37908 956145.74352
-1352342.95224 907180.71725
732740.33328 -855129.92144
733567.35516 -875656.73685
926968.83463 -832018.45536
-1358646.82723 904703.43679
-1383523.67937 874643.12433
-1379532.71741 874739.71420
-1379182.47707 885245.25480
-1395527.14595 850183.81122
-1354303.98058 917675.77725
-1360459.79345 907140.82587
-1381125.31536 878589.81319
-1357148.07989 897075.21821
-1361073.01326 861475.45314
-1323066.39486 944126.93691
-1345840.40995 912262.81244
-1355267.18235 900566.30478
-1338745.64345 921004.96997
-1336534.22919 933533.60211
-1370000.19019 880219.96976
-1365998.05053 889488.21893
-1329069.62738 933927.42398
-1323375.98228 942934.34698
-1331592.89047 936843.72302
-1328285.49024 939109.58186
-1328110.58822 921176.59174
-1325985.22778 940922.59365
-1345499.49651 910765.17450
-1283387.64705 986472.14756
980576.91375 -829703.34539
865133.01603 -844555.93725
852912.78123 -835042.08558
818411.40251 -855494.14381
881633.79443 -846545.23664
869859.63297 -851358.98135
896209.92896 -831510.10218
920135.57216 -833719.86220
893461.90959 -844611.24726
903439.24947 -848584.02693
1014561.23467 -816627.32023
1001558.72639 -814737.88112
843755.32103 -863320.77647
501888.07597 -911643.05867
658939.43750 -897150.96631
728564.00367 -883583.30870
714915.46321 -874975.95841
882144.25300 -854626.66784
730762.61607 -886435.11518
706978.83657 -897745.93267
794789.38855 -839777.76829
930566.42052 -841819.21443
896347.05485 -849635.01057
903760.53863 -842455.96510
815003.43442 -869525.64355
855001.60734 -850371.66639
1096392.52930 -798163.88506
811120.19547 -868236.87231
828261.29856 -865626.87861
849245.18008 -864851.30131
890821.89837 -849497.72720
814367.64072 -832080.53989
798256.49400 -889471.59317
842366.50289 -850325.45449
921845.75934 -841641.45005
871687.22446 -837182.60993
867424.20151 -851956.70581
834472.60854 -863893.00063
916330.71098 -840192.50240
860248.69575 -860431.32545
887176.85768 -846174.70901
919810.18755 -834334.90380
838087.66759 -848561.43863
890553.52119 -854261.60689
780040.55041 -857969.19942
922549.21551 -841646.17948
839640.01971 -861310.67196
851306.79507 -867315.17472
854782.47114 -858788.41288
899513.23570 -850502.46145
855842.52246 -831478.25410
875779.87719 -849006.22143
832419.91418 -857157.57808
955187.84449 -827484.47541
877209.04945 -854649.48485
919204.17657 -829335.29880
817195.77004 -866729.72850
848120.08266 -865704.69877
950474.50216 -829824.35566
755409.67894 -906403.38113
767942.49583 -864840.09324
808625.97982 -862199.81109
911622.06164 -844148.93440
834845.74715 -863880.29784
911452.67680 -837407.91445
900102.58830 -848591.56594
854927.07097 -858618.30621
750994.32120 -847873.06639
914690.23263 -829782.13644
767020.03500 -888712.81808
807373.11524 -830881.47125
858239.29905 -863728.12940
850840.87167 -864182.18630
816230.09559 -868416.65517
803608.37417 -866076.97790
858225.57414 -854710.65520
915995.03507 -838161.55540
977894.39140 -825823.84514
910499.88061 -847784.23400
849736.07230 -861527.04177
923283.28993 -832805.10292
862157.43703 -841474.75840
1025910.13214 -807974.74473
932663.14778 -832184.21093
845301.39230 -858241.00441
844681.01852 -864716.90309
872534.09934 -852658.98885
957296.64427 -828065.00109
725052.51921 -823261.14486
753998.21046 -897221.37827
432678.01538 -935993.57378
646347.09583 -925983.20730
986565.70658 -823341.87044
926042.10654 -833807.36979
983964.86424 -813004.92309
927647.04595 -827841.36674
906742.99647 -845420.31508
902994.22939 -834778.24314
878449.21575 -852980.79278
835595.43664 -853508.97363
894345.17386 -852951.37592
908189.55289 -844911.36289
844576.62162 -859195.84830
934247.22271 -831481.78779
948243.50506 -828377.30807
918300.40763 -835853.42771
871400.01892 -858096.53374
921177.19104 -846928.10759
893526.79748 -855538.56871
947536.70247 -823491.75812
724654.20462 -818345.00394
924667.49675 -838128.04781
885571.64662 -843554.19967
877544.45747 -851734.67714
955802.49542 -831538.75469
861491.08859 -835642.60376
954537.19894 -831054.46288
1080712.12743 -796307.50232
802474.36180 -878707.10384
1132204.16261 -773424.43783
1150971.48169 -772777.22298
1506554.89326 -576693.95487
826179.59294 -854644.95262
809558.64938 -849959.43212
826780.87362 -864035.75435
1366459.26582 -707826.25302
888527.64969 -847831.68509
868332.96885 -811778.11537
1142643.61355 -775529.16010
901086.09806 -845935.64329
792654.51168 -877814.23391
881135.65003 -844918.46449
1021604.31657 -814506.63644
871832.01990 -857510.38075
876510.97285 -846388.28219
895363.18610 -847728.80473
827787.44412 -884600.64065
895567.40214 -849857.95639
978252.91231 -821913.37665
885735.12597 -850818.93268
788143.36951 -855697.06614
987429.61010 -825678.77855
894690.13240 -850665.67853
929015.23422 -835125.22586
910207.35873 -841424.85149
840099.97571 -872900.72837
886340.24608 -854868.06982
899605.43445 -852039.35682
844154.66841 -837634.45712
915000.16863 -846201.03083
851052.48688 -850522.75974
877266.33513 -842183.97549
880014.63429 -855281.53960
884701.42258 -852875.18744
806816.93849 -866459.82780
905313.32916 -834726.15075
906377.89780 -844991.91960
863708.28091 -861424.90547
931719.92148 -835995.77867
955939.72416 -823765.35023
891740.23787 -848490.91138
864738.27911 -854672.12093
917033.56359 -836110.97750
738949.51657 -870403.80008
869006.18724 -853326.37048
850450.56586 -825942.54409
868188.03509 -855728.44447
839267.40115 -860668.05903
829155.53021 -858022.07665
785255.81145 -831690.00705
815024.42341 -834619.52883
823847.83809 -865669.26703
797844.26134 -847792.96119
829264.27894 -843289.53359
883485.57579 -829039.47415
857322.47280 -864568.54419
926388.51038 -831519.14524
921884.11404 -839224.64836
881168.65132 -846385.49266
813915.27895 -858844.97304
923191.56132 -846464.99469
925976.95641 -840803.65391
830893.54348 -850484.81830
873331.45119 -859405.84825
870198.61014 -853615.20196
1124694.58078 -783561.71694
869009.93252 -848832.72470
961126.94702 -831846.84937
911094.82896 -841629.34039
896011.49972 -844485.12297
842243.14061 -866577.76066
957998.17613 -830447.61826
738319.86442 -880128.37362
868968.46613 -821941.08867
1017450.90596 -809770.20714
939844.77647 -830509.23267
887919.60729 -861458.83660
832744.20386 -864772.96167
897420.22673 -844776.98997
916057.41202 -840986.06705
913256.01954 -839315.25307
913111.27638 -829855.06441
882398.57762 -852274.09355
848698.51256 -853977.09787
992463.48128 -829484.37965
867316.44061 -855191.59141
867818.68106 -849321.13262
910628.65749 -841188.68775
811596.81940 -867343.95659
943967.55768 -832487.99480
796786.50269 -840467.80738
848619.95150 -853598.28165
908239.65712 -841625.10386
844527.54750 -864441.23244
882203.35902 -849702.41135
882411.52037 -853315.10979
912928.29846 -837884.03314
973646.24879 -826420.25412
932698.29056 -832965.41520
888643.74229 -844572.00919
898001.46662 -838506.90105
906447.48331 -846100.03386
926153.88507 -820761.44294
915876.51952 -842346.48313
763274.31767 -900063.28944
914557.31410 -836737.31213
865890.59859 -855598.22699
871023.92518 -857081.98450
816510.74768 -862331.26177
908218.17202 -838336.92398
782868.09622 -859610.93178
914117.17675 -840237.10941
901668.83912 -846304.24270
904525.61428 -847038.32786
890252.96116 -847910.38101
890938.96716 -848395.09289
827934.06762 -847501.62116
883858.79253 -826079.20283
957808.90914 -832950.02682
885023.70325 -845650.61613
980499.46356 -826815.13072
911376.19696 -839313.36407
892571.54055 -841209.97554
918818.74271 -834981.74345
1051606.21433 -789245.30011
831394.72597 -865607.63498
887706.81269 -845446.09069
896584.74642 -851645.08552
892612.48017 -842279.10627
1026539.77190 -800582.75428
910664.15714 -843414.33081
894324.58144 -843284.74166
945138.51798 -824110.20412
758788.99948 -866196.35967
865938.92889 -861318.06217
863195.39637 -855432.41745
978700.43455 -822424.34889
934725.48152 -827980.09658
732060.26105 -910270.53437
964895.64134 -831887.04534
847627.83169 -860246.68153
953455.98469 -829949.53470
904253.47295 -843101.19754
840902.72410 -847777.77357
779173.89513 -888394.16745
886469.90259 -843075.87366
828776.37153 -830151.70918
894245.84623 -856715.53914
976088.98132 -831289.05119
965754.71071 -831238.69044
930764.61926 -834967.68868
924205.81935 -846515.53512
854256.54355 -863728.07267
977615.10143 -829441.03883
822066.25592 -861621.42249
919673.51655 -846508.46760
911901.90752 -842033.69514
904781.75571 -842039.55631
857382.71284 -860164.06084
922833.78048 -836025.65318
818993.86860 -862165.47326
960889.40223 -828294.08920
892686.48661 -847849.73767
911017.47094 -840188.76875
930994.87724 -838030.21609
969417.28016 -825296.13410
871802.60113 -857018.62241
907949.70575 -845221.10511
814450.54496 -868590.92417
970764.99960 -814855.42645
840182.62594 -861576.12597
907524.10924 -838890.21073
823720.44196 -871121.93313
860836.24392 -865369.09855
913900.49461 -843413.87703
864356.34020 -837796.73626
855582.90822 -845571.09064
884885.16580 -853564.51266
832629.95260 -879225.48935
931484.68761 -845631.48648
884170.79776 -844201.51194
893876.64786 -844782.27358
914464.95742 -839367.68345
815611.89193 -831086.28691
980680.36351 -844109.52254
895813.34490 -842723.70269
868392.75420 -855505.92290
886106.23678 -847267.72488
1012352.15856 -811538.66945
897071.91305 -843625.27130
-894412.77448 -693815.41671
-1041762.59711 -601110.12178
-827323.58568 -724005.67148
-798214.06967 -722521.77275
-922595.81487 -686152.78364
-842233.67162 -723953.29525
-845954.58538 -734006.05704
-812583.45358 -745082.37986
-804633.89816 -739817.80465
-836799.71335 -716368.92062
-886626.35503 -694772.56006
-762021.50395 -759798.47150
-858269.03268 -723673.00103
-830688.60202 -723817.35765
-898212.92975 -700359.81557
-851075.31651 -718110.81656
-817388.03095 -737627.46498
-777830.97434 -780604.83930
-852351.64033 -716670.37928
-874233.31923 -692951.46408
-829824.46392 -728873.05845
-868172.02698 -700236.47417
-867740.28301 -712914.44511
-878299.56453 -729396.42696
-892571.76873 -700492.42237
-828143.05673 -728723.56681
-850268.40844 -714263.19096
-840341.49813 -726394.51043
-1033918.93471 -610110.60179
-849047.70426 -733765.82432
-817235.20150 -735246.83196
-870185.15373 -701007.42459
-966828.38891 -668279.74013
-923702.68756 -683091.91975
-989034.66988 -678634.95138
-872905.93911 -708680.25773
-852773.13958 -727950.62057
-843423.36483 -727073.29586
-848032.79403 -717493.80978
-842931.51818 -716249.88962
-872012.40265 -709307.99815
-860936.35388 -711263.21442
-842723.65208 -716845.87960
-843791.39944 -725285.80148
-824008.19449 -711514.45152
-798032.52041 -723991.03527
-877063.61139 -705625.39567
-810045.54594 -736812.68714
-813360.44970 -735276.29240
-818139.82296 -731220.07995
-847283.64718 -726203.13482
-921550.60435 -677205.98881
-819493.29017 -739103.71518
-840288.38206 -722901.19077
-871508.49289 -704253.64928
-847138.06946 -720841.80046
-835561.44955 -726431.83434
-845373.59439 -727605.47684
-846885.07646 -719752.15478
-846714.72351 -718508.94423
-843058.08197 -722301.75239
-873719.78360 -702488.94685
-809295.14823 -741254.96363
-879672.98432 -713295.53640
-888937.00043 -690606.64697
-763025.60325 -765896.39773
-806817.59003 -744733.48283
-854209.67797 -722898.99784
-826242.79342 -740545.88920
-843643.08627 -717305.48944
-900720.70538 -704293.93314
-929894.08481 -684821.99422
-842229.30554 -732686.12510
-888525.55229 -711164.26947
-851055.01703 -719186.28040
-820824.91347 -735083.99031
-891863.58977 -700583.09488
-818319.54921 -737544.02445
-749510.39502 -775520.94643
-847315.71664 -720009.12925
-881508.26003 -712899.12406
-884661.45218 -716506.80666
-851581.50425 -706581.97982
-857174.41221 -719444.73772
-824713.42450 -729571.27865
-847884.41051 -715750.56682
-833761.76171 -714189.51064
-836778.41220 -723989.39147
-787108.30469 -761424.13484
-825525.58213 -723712.47783
-841512.57517 -740231.18093
-894176.30913 -695621.59430
-790337.43361 -736105.38886
-823727.76156 -734382.12918
-847781.83056 -716747.83407
-789356.89233 -759771.33658
-846270.80217 -717407.01542
-888512.87304 -683356.52347
-825376.27583 -722270.68735
-1366690.73363 893125.40895
-1392514.35287 858613.84808
-1362317.63382 906538.95983
-1346617.38605 920063.45342
-1362822.14223 895609.00768
-1335178.38309 933552.53102
-1329128.15803 944163.62326
-1350958.06708 919194.87685
-1347530.99032 923831.45873
-1372353.14730 884410.32905
-1373222.03027 889746.86960
-1370093.59009 893069.11485
-1355241.55037 912674.06489
-1370172.63652 893508.90286
-1374903.88634 881499.49781
-1370452.88834 888170.22039
-1361128.62265 906576.47664
-1366181.77550 893559.54718
-1373959.64938 886940.23204
2316970.68019 461460.78937
2300835.88263 579123.07635
2290707.98364 617041.87675
2294907.70148 600738.06586
2296778.74807 595409.18823
2297951.03155 593764.10490
2296510.99375 597067.12163
2300043.00511 585606.51318
2284956.20787 628329.04562
2297611.62727 586071.83111
2317227.47201 515095.26103
2305550.28780 551701.02551
2291934.95117 610077.99771
2296168.07976 600577.79676
2281786.56332 632719.81119
2294313.06658 592455.11150
2312438.16294 528930.92635
2301343.53113 579512.21548
2305393.17609 561964.31550
2292843.56017 607928.10348
2289031.19157 619323.03102
2318321.41567 503875.96570
2309303.81682 552286.84996
2301565.64933 579558.20540
2299276.51601 589271.82829
2305859.13362 566058.34561
2298476.96889 587821.27481
2291755.29762 603044.36033
2316102.26979 523231.75603
2311544.15698 504375.63650
2295112.79635 597055.48223
2294041.92876 602906.01559
2292120.74965 606406.57095
2288910.37660 613910.47222
2307428.69641 557375.74913
2303861.43546 560332.96209
2299772.68348 586473.46105
2309021.83432 551987.56544
2294525.83467 601824.86964
2298392.63827 588790.82503
2305697.98391 556598.91905
2302503.31351 579166.63687
2303858.61918 566916.33482
2288262.58025 620043.82686
2310650.38253 547426.88667
2312795.79817 527778.01734
2306985.23510 551889.58581
2297645.41304 593105.48777
2292517.60293 609013.70227
2303795.68131 572301.69275
2296410.97403 596929.30538
2294697.69134 603596.82496
2299231.50760 589732.98973
2309217.81957 553668.59196
2297039.77130 596151.00711
2306722.94291 563555.74925
2302305.83191 575235.37376
2296482.78104 598339.20407
2301806.44413 578040.94287
2300245.65875 578957.97430
2292744.48814 606822.07791
2305506.74873 559885.90059
2297040.00269 589573.76178
2298824.84292 580552.79125
2307685.15030 551280.09988
2293915.87517 605012.50182
2285350.37525 622565.63997
2300084.64674 580567.13177
2298803.28646 590912.36800
2283287.80892 625417.16893
2297478.74664 592385.23283
2301664.69872 579573.77263
2305145.49140 560218.45700
2302111.74033 573975.47331
2297421.99011 595153.54199
2311738.29755 526541.36174
2300008.58808 586914.28197
2305834.89011 554361.94790
2303529.98335 572315.42762
2302835.06702 577127.22738
2316323.24801 498207.49237
2305350.49224 566943.46830
2297600.77215 592031.25976
2297602.72096 593447.70594
2310667.01928 533109.73827
2313437.41772 527671.32502
2309081.66962 552987.48973
2308655.95517 550913.38895
2297075.46792 590166.76799
2294248.53317 607509.83707
2297102.77105 596044.89388
2302578.17762 575217.19044
2303539.90235 567279.12157
2305718.49757 564373.35942
2292885.15403 611572.90050
2288763.14111 619497.73735
2296824.79314 596568.86417
2304147.08025 570178.63777
2298141.68084 588874.16432
2285285.20028 627360.92948
2297815.99907 593390.43518
2297053.63263 594193.86195
2295024.97249 602520.86066
-1341869.22186 932434.38718
-1353731.00408 915591.82017
-1370085.57156 892365.97807
-1407262.56571 835281.75368
-1337619.98586 939137.24835
-1325894.12969 951226.01376
-1314294.54862 967935.56316
-1330128.91273 946873.44399
-1372570.10631 892842.36511
-1396092.70599 851583.84616
-1364551.56538 896866.85829
-1362521.68878 892488.06326
-1339606.98185 934691.71134
-1363213.08665 903288.88718
-1345198.10113 919855.89642
-1336562.75849 940787.60571
-1366449.44114 888112.28409
-1338746.90526 932655.40229
-1377373.51128 892513.14381
-1347254.12512 926560.01853
-1359564.99685 907978.67129
-1417695.13332 828094.20162
-1368933.62930 895870.14904
-1349635.22980 915257.94952
-1318344.65101 957292.27726
-1390871.56161 859719.01939
-1369523.82085 898964.24728
-1351366.93280 919871.86292
-1356513.68429 908442.87932
2266869.11442 667794.95624
2289241.62893 616814.09335
2274504.61203 648406.76631
2276328.69665 648815.84163
2294514.07719 598627.78111
2265561.48586 670228.55328
2294980.88035 589493.60608
2273397.83705 654881.58862
2289143.37020 613076.10278
2261790.60113 679565.39763
2266077.14695 670565.80804
2280651.64527 637859.01889
2276812.84495 647357.79867
2299855.66665 576783.94272
2275837.10450 650295.25986
2290045.21332 607360.82564
2276484.13404 647282.25191
2293583.56605 602133.89953
2276983.18848 647820.13998
2294659.04177 583110.75503
2267143.54059 668384.00115
2276081.18662 649410.41463
2281750.83384 633132.90986
2270979.85402 656606.29981
2276073.93149 650828.21267
2265951.29530 668999.65392
2269899.10132 660626.12223
2289959.53483 599313.89247
2290935.47108 612745.35456
2269606.81973 663161.91723
2262595.96957 676416.09938
2272345.39519 650373.40924
2272517.77380 653128.53662
2274045.35052 651023.93478
2282865.41367 627859.85912
2291912.38604 607108.40777
2267225.53089 667751.65259
2271081.82245 648954.65385
2278564.07563 639246.14564
2276694.00283 647219.43390
2274337.56744 655558.56363
2279920.70163 641037.29992
2279379.96513 640620.87426
2289878.31475 611215.10318
2265880.72258 670452.85244
2269958.45978 663391.16719
2277148.19008 645591.87704
2275864.46199 648067.11025
2298957.66042 586036.26292
2297893.30370 586625.55255
2271968.31336 653832.59348
2270049.66024 658054.40283
2268337.07366 665146.62606
2272324.99656 657348.73514
2284245.52086 623759.39496
2280310.06852 639204.04630
2266169.35373 670481.93746
2271206.08462 659213.41677
2267120.72848 670155.78022
2293635.43570 604953.75677
2282006.84419 623568.32495
2266954.69264 667178.64631
2273900.84400 648888.15965
2270365.74341 661358.78411
2274468.72708 651811.59031
2261849.09159 679836.60584
2285526.80036 622050.95358
2259521.28567 683493.96785
2266568.16089 668973.07551
2288822.27902 605843.64549
-1342286.41315 911635.08674
-1369948.49677 873255.75250
-1311783.44446 926457.07042
-1296544.37495 956123.73265
-1304765.91683 935510.29414
-1285856.78830 943517.07365
-1217945.37830 999532.01657
-1285673.72106 947664.32274
-1312211.23802 914975.98518
-1372710.35231 872801.00600
-1309003.95834 956291.46401
-1344639.47600 917497.74072
-1334921.93220 926327.79194
-1277982.25030 971244.44999
-1324779.22812 929671.82759
-1329371.77301 911614.23218
-1295763.06887 936112.14079
-1313856.35354 926306.86218
2263480.27077 674439.51260
2285664.36461 622963.82882
2276605.98822 642557.07066
2272217.64122 659850.00652
2267017.90991 667260.16033
2266711.19990 669903.60053
2274024.59474 652190.37329
2292043.67743 608270.55992
2290923.53535 605132.27013
2278288.64301 640161.63075
2263488.17544 675334.32850
2271394.64872 656467.96224
2282323.44785 630189.23898
2285695.68880 631238.05448
2269810.30492 661554.91147
2281904.12275 629184.54149
2275878.21055 648307.10049
2271074.72391 659917.87276
2268124.75849 661633.74441
2288014.82659 615274.75741
2267541.45488 665951.16028
2286918.49894 619561.00788
2280994.05681 629099.38822
2264509.75419 672650.16472
2270772.21247 659716.67229
2265582.59723 670088.56182
2295890.91134 595756.57873
2290967.51165 609296.30231
2285544.27954 623080.22870
2290649.39103 609419.58151
2269743.56113 660058.59061
2272606.49959 653060.02474
2254753.53744 693810.23311
2287939.88125 618485.62340
-1362576.92097 905914.09545
-1352219.91516 914458.88715
-1317065.86974 958441.04484
-1362133.89972 900472.08278
-1344124.27199 922556.36072
-1330170.23938 947547.71034
-1343076.78542 931494.66010
-1368765.82087 893466.31349
-1354729.39077 915059.94799
-1404793.65128 830100.21424
-1318695.41972 962552.61673
-1382466.80250 874681.51652
-1350983.31057 913000.96793
-1334972.96386 940632.43305
-1367707.72389 896530.08107
-1359868.52695 899711.07275
-1331697.60574 945269.67326
-1360095.93285 903327.92072
-1405114.13515 832578.37397
-1351674.65151 919042.41582
-1385410.38418 873743.83163
-1374659.81349 893474.61932
-1356498.57025 917371.43719
-1337689.87766 938865.78399
-1347373.86816 921320.89478
-1362445.29217 899687.74721
-1379040.45220 874077.72353
-1362373.96405 905015.83874
-1354543.11245 913734.69544
-1333942.79723 927976.68527
-1382235.89927 868881.94751
-1350377.07983 920698.85884
-1363289.73746 890699.08487
-1360371.59939 906644.55276
-1367087.68523 884948.50603
-1364507.83028 898815.81676
-1339884.84182 930637.45782
-1372835.61293 888802.71577
-1345746.83379 925968.57126
-1366245.53027 902703.38160
-1383263.48143 880347.42573
-1345880.35529 926339.89269
-1331785.28348 944948.96222
-1365633.44029 894633.46551
-1388463.85578 870245.55136
-1381210.70005 873538.12607
-1339479.65415 931043.84107
-1369817.87502 896006.38097
-1406243.08764 830009.63107
-1357401.88644 908160.64282
-1378035.30009 868730.80881
-1347559.95005 921714.17314
-1365275.45001 902543.45224
-1327907.13597 951659.12202
-1354996.16890 916680.36410
-1375112.08745 887165.35867
-1348978.06197 915263.26061
-1358747.09801 910752.56859
-1365371.28282 899878.25308
-1357487.08709 908957.44165
-1264549.93908 970773.68882
-1350318.13871 884557.26424
-1314658.79899 912066.82473
-1290838.70106 942717.69958
-1332940.43690 892312.75019
-1306553.41022 939413.66396
-1316179.16249 934091.72317
-1429257.91653 746919.92606
-1148211.65275 1045528.07718
-1143739.26970 1047086.27710
-1292626.63973 946031.13017
-1115098.36891 1065799.11774
-1350352.85633 858143.73426
-1284137.74932 970360.14887
-1315393.66562 934844.71781
-1308706.97734 934328.89094
-1358684.18028 881879.60017
-1316950.82422 923038.05696
-1345806.65595 895759.50220
-1302971.33547 942648.38049
-1249302.56757 982631.60397
-1335496.43466 923259.75923
-1335818.27199 905841.76226
-1286179.11286 964111.55771
-1271960.07560 969060.95138
-1248947.75924 993152.22462
-1366694.64244 887438.62839
-1285675.48669 956993.11584
-1277352.22136 968771.47963
-1318852.47381 902393.90602
-1111989.02745 1067047.05046
-1276202.19242 975748.93118
-1356114.15963 883528.45849
-1270514.10525 973487.74025
-1320623.53063 947719.36171
-1299835.89032 930845.35120
-1268466.94874 976206.93862
-1329116.79553 893101.38809
-1297107.84575 935559.65669
-1346147.32036 914606.04387
-1320699.58758 911901.95988
-1328506.19487 940203.49863
-1317039.05256 909188.51049
-1296035.85880 960667.38059
-1421157.53862 805214.94048
-1301511.55411 930023.79013
-1290131.69911 951959.98175
-1315103.19587 939126.85714
-1279099.09360 964018.08525
-1316561.26890 922019.56165
-1273521.34968 963983.23251
-1356475.52414 900734.02659
-1228428.79217 1006207.95057
-1342254.45836 915486.66713
-1257397.47645 972689.17589
-1261820.88236 997180.79425
-1324994.20619 935132.95076
-1296392.88896 945329.10196
-1279741.08870 965436.11897
-1308414.90189 937341.14522
-1298288.73826 947016.49547
-1323380.34448 926208.88303
-1416593.60283 808346.87692
-1300883.14342 962150.91717
-1307888.70802 948728.25510
-1260402.55226 989557.88048
-1267539.74609 968041.41364
-1327206.95997 905688.52209
-1258932.28981 989030.81570
-1386722.97793 851377.45635
-1264674.73686 969807.66732
-1311911.94582 939350.01481
-1421988.44916 804102.29341
-1271498.18578 975632.58875
-1319230.31138 929460.43264
-1324564.66219 934785.73763
-1348281.90742 897460.22043
-1343729.65934 887875.48714
-1300566.74461 945885.11435
-1314548.48424 915999.63285
-1305713.72763 938482.98174
-1621800.38283 68361.84388
-888101.30868 -717637.89776
-969010.33819 -683304.56246
-1185509.70422 -587659.41633
-782268.78030 -770051.70447
-1098389.82220 -629531.13943
-871921.17406 -717896.97363
-1159490.51832 -585740.93913
-1070045.93363 -604988.38698
-1037408.95503 -461930.64005
-1083181.14998 -493980.91658
-1093735.32181 -561789.73899
-1099382.93904 -598194.39989
-1043175.81007 -656328.77213
-1020652.97835 -696178.27852
-1255951.72994 -522925.02982
-882749.30537 -720308.92879
-1067443.49063 -447275.31968
-1006964.89943 -549062.78911
-1023433.32068 -675192.29405
-1636454.81722 285593.92130
-1459109.98294 741563.39105
-1406649.32088 836061.80895
-1571184.45802 308890.00837
-1612953.03974 -137765.16465
-1455850.41290 709191.91361
-1407011.18472 803783.22493
-1615853.94761 -106170.29295
-1002884.80647 -520832.29838
-1084316.37410 -634527.35763
-1092609.53755 -541104.29288
-1095406.99545 -555476.82915
-1112493.51096 -544807.48681
-769357.04742 -403900.41803
-1025314.41355 -564520.64653
-1002238.11198 -569885.43865
-726714.53418 -305937.00911
-830961.59528 -352928.18967
-558126.39210 -294308.77782
-933360.71759 -511239.16728
-1002917.15400 -608052.19442
-931907.89470 -337142.03490
-1018134.16485 -546658.32720
-673439.34929 -283313.07178
-1049385.61193 -546681.25706
-972087.48395 -408226.17959
-1049430.40718 -683204.65261
-880344.75265 -714911.70892
-1090160.21083 -638678.37466
-790250.25676 -371536.32956
-977121.90381 -691097.27985
-745966.18942 -320304.35094
-864116.89981 -322685.41993
-1088366.43089 -644530.06468
-1003720.42968 -421130.80087
-1105358.50381 -547106.60128
-1095830.07265 -505821.37329
-931200.10644 -341192.74834
-1037742.00174 -647652.62470
-983832.63703 -393962.82150
-1067449.29847 -630865.59104
-1062152.69510 -564489.03044
-1056905.90417 -661824.47833
-1107070.56147 -573510.67790
-1035749.55760 -669221.62871
-878955.69787 -336354.03564
-863197.53859 -465973.42079
-1152388.48280 -405855.48772
-1055195.26837 -527939.22456
-1067011.42419 -534600.35088
-1076288.44000 -643206.44886
-1051295.96831 -660206.18626
-861947.81290 -505103.31241
-1453911.83155 695231.59761
-1640721.24524 192346.71786
-1564337.67574 513870.63066
-1320245.52736 960634.38835
-1328038.29849 952928.26356
-1327932.38020 944986.21218
-1505376.75524 647478.77588
-1358144.36401 906862.44878
-1432362.77756 788857.07526
-1477066.52505 697428.70246
-1641732.33651 -48902.69600
-1373422.79000 868565.64840
-1427877.48521 782116.65122
-1559544.84875 510462.33880
-1315580.79865 -504900.66529
-1660098.91722 112340.96810
-1539240.35768 574605.61844
-1423929.93251 794601.06322
-1414312.82197 822110.18860
-1639267.61024 184.95774
-1339421.66736 937128.59943
-1588067.31387 -113678.89387
-1467076.32684 712395.30280
-1644979.63676 -64741.03954
-1586515.32986 444146.05745
-1529936.31084 544385.67815
-1426839.57415 805499.21835
-1601091.91224 404854.67530
-1439860.27088 764647.10371
-1333444.24984 928802.22922
-1544963.66957 526196.82430
-1415829.88552 805527.69831
-1599147.95614 -77351.55555
-1021811.64641 -532387.40292
-1371805.35417 890134.52902
-1399780.44676 845730.00968
-1483052.95668 689026.36631
-1534927.49812 583151.33385
-1412921.02674 823032.10591
-1572985.51136 -112167.35939
-1354411.40325 891797.65272
-1453892.16412 723160.05749
-1606057.70747 -163623.52779
-1631791.92824 287528.69822
-1487113.16464 605269.36131
-1527995.59613 577527.56277
-1633777.52312 218441.75771
-1435313.29734 779126.38185
-1480876.73216 676388.46503
-1418596.33641 829991.89826
-1461353.51932 750780.35490
-1422453.41769 820857.44173
-935113.65122 -678318.24175
-903303.12168 -700407.41457
-904466.40506 -707525.10768
-885193.01539 -703460.14402
-857984.88529 -716355.29805
-878498.70755 -694982.11838
-836510.08013 -730764.02314
-858175.87319 -716786.18314
-850256.50195 -717237.06068
-920042.77706 -690655.77538
-836915.12786 -711729.36244
-811721.43879 -724099.20313
-891502.09864 -687189.42742
-906087.87469 -689199.49970
-886642.07166 -697154.68039
-846089.77949 -725008.26982
-897760.90882 -704719.14935
-853551.26399 -712654.61020
-871648.99518 -705441.59655
-865117.55591 -712219.92841
-856983.99711 -713555.09139
-913653.46346 -688845.29348
-799274.18444 -757201.73556
-831617.61803 -718945.18904
-889046.20978 -693016.92313
-883054.55677 -714046.01870
-836055.00480 -735179.40018
-933933.58839 -667429.09016
-857700.02999 -720787.87510
-940067.52702 -667216.76561
-926487.06033 -692208.82010
-884060.75469 -704186.09352
-970142.72885 -676256.11810
-850803.72931 -717429.82527
-871392.45804 -714786.09408
-869512.31532 -720335.79402
-825678.97427 -727525.65974
-905539.55665 -705586.12868
-883483.63678 -694445.73573
-907076.63405 -700078.69025
-835063.32732 -714356.39817
-871013.94911 -721899.12090
-864783.82077 -702453.64795
-911309.62406 -672224.24835
-883590.64620 -697418.81885
-891358.96546 -695108.52275
-832992.02043 -728862.16699
-876316.24725 -709319.73660
-931773.05254 -669431.04815
-914117.26302 -698085.96633
-870154.91691 -714390.66819
-861271.01246 -721279.55392
-927581.40184 -676956.72147
-866327.82496 -707066.00112
-908308.34845 -694214.40070
-870479.48066 -711453.73142
-859766.30997 -718015.51362
-891775.22660 -692511.10840
-906913.11394 -689789.84671
-891933.44968 -684969.72540
-858456.93606 -724346.81540
-864904.00703 -714018.29078
-888879.75683 -697639.20567
-814111.80334 -739031.84695
-863792.40020 -733629.71142
-912113.78081 -674895.20191
-897210.41803 -700156.26267
-921809.01576 -713691.11402
-847111.38014 -719676.80085
-934004.81634 -683572.47890
-880866.55199 -702421.13157
-840027.31785 -724706.74536
-897765.82706 -688021.27726
-897988.32810 -687932.19192
-885872.51926 -696467.16375
-863509.62139 -717672.65258
-893431.91140 -699892.75367
-857363.60647 -719285.17681
-904084.97692 -701646.91348
-886471.75038 -701152.62647
-832619.10582 -726284.28557
-948448.13933 -680360.40835
-865045.32203 -708789.53601
-885232.60550 -701324.85618
-840293.18816 -706770.74651
-863637.80810 -716061.32580
-875392.12977 -715099.66407
-867227.92762 -714279.15746
-844351.83441 -723525.09220
-943679.10099 -675978.13346
-879881.57741 -701363.37816
-912035.70577 -687912.01566
-878562.63398 -716969.55451
-913889.20400 -681263.19852
-888366.34350 -702245.37849
-862822.02800 -707900.34813
-857683.06582 -710838.03705
-950347.30373 -680118.52079
-907184.22729 -722813.21544
-899678.53553 -700770.28443
-880506.00597 -694340.99437
-901101.49355 -701749.70769
-820263.54296 -719869.02238
-855808.18255 -720626.90519
-858785.73359 -711201.28482
-787240.72763 -769535.14739
-876408.44266 -715474.79445
790429.15517 -878195.44761
805880.63067 -868947.18981
874820.57035 -854577.55211
866733.08896 -861877.45407
782402.49518 -889257.02634
813228.03024 -877171.59167
845479.88987 -852284.51295
823536.59009 -857764.90577
848221.31890 -860211.18416
810243.72904 -872645.51936
304228.73026 -877231.85235
936347.71021 -837311.23343
939310.26296 -834871.69794
840000.41890 -863848.76450
840003.21386 -860745.42937
858176.89040 -851493.94372
834278.04004 -869372.85589
817531.80834 -837601.71608
923506.37570 -838099.92345
812609.15536 -882269.22120
693613.91585 -910964.65207
682144.63179 -883235.93367
880915.88135 -850457.32352
854019.01340 -868669.77497
840621.15768 -870278.86821
858736.42762 -863531.01083
880451.00241 -856114.72959
931593.88741 -839580.39680
893956.87816 -844833.43134
867370.95593 -856404.49495
897893.81952 -851872.89100
761700.53033 -873189.00722
839760.12472 -880952.15361
868140.96854 -855749.05610
876355.09815 -861010.89764
785598.27183 -881985.44836
862301.25859 -850598.42294
879361.67100 -849674.88045
538036.07939 -876391.82304
655478.28843 -859771.02912
874107.84164 -844879.83128
868747.78050 -851510.22063
883388.88437 -851178.31128
872619.38869 -846836.93180
752005.44144 -871106.21060
866606.74770 -858938.99753
651053.11682 -856738.06368
908118.62705 -872396.74249
578659.84183 -916669.33055
851802.18741 -861087.59736
915057.92351 -838600.69655
845774.14211 -862570.76996
846680.45081 -863812.08507
832730.41031 -856538.24695
850561.94067 -849654.56433
913424.22760 -837649.27360
742595.55650 -891078.80302
918876.21362 -846647.47707
784706.94117 -883604.65754
852381.52956 -860192.21985
833055.48796 -861976.35842
843070.91220 -867215.77177
899613.90499 -843063.96855
896370.59305 -848572.97175
884242.73056 -847753.65505
827874.48301 -873570.30599
823799.82257 -859691.76659
760419.59689 -859217.87811
842391.75336 -860231.42683
898402.88528 -848269.79819
890726.20222 -847671.54500
827217.68228 -869902.08777
798479.97897 -851757.76220
871695.43095 -846952.09722
907901.19122 -841072.70162
838645.71904 -863362.81775
938803.17483 -833833.79833
914818.21738 -846544.46679
894638.22277 -851873.78239
897224.86319 -852118.26268
909419.84726 -853944.11313
793731.14173 -844863.49629
930231.45141 -840795.57839
898487.80661 -849305.26089
880228.55785 -852298.96144
926377.44226 -843285.77940
893018.50598 -848462.02331
861138.74083 -860120.54616
923553.11834 -838670.58980
852815.88886 -866257.45318
871703.94394 -845587.92502
863574.35778 -855251.29337
903817.98894 -849565.99472
870659.78992 -846872.25615
875601.91236 -850828.72006
631276.37324 -912881.74662
916871.42891 -842797.41395
862378.77593 -854280.65048
906733.56396 -847877.67106
835143.15931 -862078.72281
835478.21702 -866701.59169
830440.81737 -852995.94581
917818.27071 -824766.85110
